RDF,Out_Degree,In_Degree,Degree
Q1,0,5,5
Q100,30,80,110
Q1000,48,5,53
Q1000222,8,0,8
Q1000597,9,2,11
Q1000642,5,2,7
Q1001,44,4,48
Q100103,0,5,5
Q100166,15,2,17
Q1002100,41,0,41
Q1002550,0,5,5
Q1003074,0,5,5
Q1004,2,24,26
Q100440,27,6,33
Q1004531,57,1,58
Q1005,35,4,39
Q1005887,0,50,50
Q1005953,5,0,5
Q1006,42,6,48
Q1006668,3,3,6
Q1006950,0,5,5
Q1006997,0,7,7
Q1007,39,2,41
Q1008,45,7,52
Q10086,5,0,5
Q1008912,0,6,6
Q1009,50,10,60
Q10090,1,2,3
Q1009235,7,0,7
Q1009253,6,0,6
Q100937,46,9,55
Q1009788,53,1,54
Q1010099,33,0,33
Q1010236,7,4,11
Q1010240,5,1,6
Q1010244,6,2,8
Q1010539,4,2,6
Q1010556,5,0,5
Q101089426,0,6,6
Q101094841,0,9,9
Q1011,47,3,50
Q1011509,0,47,47
Q1011547,0,159,159
Q1011564,0,65,65
Q1011895,0,6,6
Q101242891,0,12,12
Q101254,12,3,15
Q1013,42,3,45
Q101314624,0,14,14
Q10132,25,2,27
Q101333,7,4,11
Q1014,41,5,46
Q101401,14,0,14
Q101483295,0,44,44
Q101505,28,6,34
Q1015672,5,0,5
Q1015681,3,0,3
Q1015874,2,11,13
Q1016,48,10,58
Q1016159,8,2,10
Q101625,11,1,12
Q1017,49,3,52
Q101730,1,32,33
Q101751,1,23,24
Q1017583,7,2,9
Q10179,0,9,9
Q101797,29,14,43
Q1017974,10,1,11
Q101815,0,5,5
Q101849,11,7,18
Q101859,6,1,7
Q101860688,0,6,6
Q1019,42,8,50
Q1020,39,2,41
Q102068294,0,5,5
Q102090,7,1,8
Q1021026,3,3,6
Q1021182,0,8,8
Q102124,1,18,19
Q1021386,0,5,5
Q1021563,0,5,5
Q1021681,6,0,6
Q1022,28,6,34
Q102225,67,0,67
Q102235,59,0,59
Q102244,66,0,66
Q10225,5,9,14
Q1022530,15,0,15
Q1022955,4,0,4
Q1022995,7,0,7
Q10230,8,9,17
Q102301,0,5,5
Q1023185,4,0,4
Q1023208,3,0,3
Q1023235,3,1,4
Q102341,31,1,32
Q1023532,4,0,4
Q102385,0,4,4
Q1023912,12,0,12
Q1024037,5,3,8
Q102427,78,590,668
Q1024426,20,1,21
Q102448,53,0,53
Q102462,48,13,61
Q1024807,0,5,5
Q1025,40,8,48
Q1025106,5,4,9
Q1025401,7,1,8
Q102551,35,8,43
Q1026,25,5,30
Q1026089,2,1,3
Q1026417,4,1,5
Q102642,53,11,64
Q1026679,5,4,9
Q1026804,8,0,8
Q1026827,6,16,22
Q1026846,16,0,16
Q1026868,10,1,11
Q1026919,10,0,10
Q1026925,16,5,21
Q1026926,12,6,18
Q1026932,10,3,13
Q1026939,12,11,23
Q1026941,11,5,16
Q1027,42,5,47
Q10270157,0,6,6
Q1027063,4,0,4
Q102706436,0,11,11
Q102711,48,13,61
Q102720,5,3,8
Q1027200,30,1,31
Q102754,40,0,40
Q1027880,0,7,7
Q1027891,7,21,28
Q1027904,6,49,55
Q1027922,0,8,8
Q1028,44,41,85
Q102813,30,6,36
Q1028181,1,85,86
Q10286,4,0,4
Q1029,43,10,53
Q1029099,0,6,6
Q1029135,4,1,5
Q102920,1,7,8
Q1029212,26,0,26
Q102932,2,3,5
Q10294,8,1,9
Q10294045,0,57,57
Q1029467,16,2,18
Q1029535,0,5,5
Q1029631,7,0,7
Q1029706,0,434,434
Q10297252,0,6,6
Q1030,35,8,43
Q10300,7,0,7
Q10301418,3,1,4
Q10302058,0,8,8
Q1030402,22,13,35
Q10305,10,1,11
Q1030713,73,1,74
Q10308,4,0,4
Q1031430,0,6,6
Q10315,4,0,4
Q103157,18,9,27
Q1032,45,8,53
Q1032023,0,5,5
Q1032048,0,23,23
Q103229495,0,12,12
Q1032540,6,25,31
Q10329,7,0,7
Q1033,47,8,55
Q1033016,61,13,74
Q10333,6,1,7
Q103343,35,14,49
Q1033465,9,8,17
Q103360,8,550,558
Q1033692,7,9,16
Q1033891,0,29,29
Q1033909,0,7,7
Q1034225,5,1,6
Q10346114,13,0,13
Q103474,52,1,53
Q10349745,0,11,11
Q1035,59,7,66
Q1035067,3,0,3
Q103550,28,12,40
Q103569,48,3,51
Q1035745,12,1,13
Q103578,26,3,29
Q1035954,1,0,1
Q1036,38,10,48
Q103618,74,426,500
Q103646,62,30,92
Q1036763,5,1,6
Q1037,42,6,48
Q1037408,16,1,17
Q103767,26,1,27
Q1037693,3,0,3
Q103774,36,3,39
Q103784,47,16,63
Q1037848,26,5,31
Q103788,27,2,29
Q10379,0,7,7
Q103801,11,1,12
Q103824,0,7,7
Q103846,20,1,21
Q103876,45,12,57
Q10389,5,2,7
Q103894,46,10,56
Q10390,45,1,46
Q103916,81,518,599
Q103917,54,31,85
Q10393524,3,1,4
Q103939,22,11,33
Q103946,39,9,48
Q103949,28,3,31
Q1040,26,1,27
Q104000,44,5,49
Q1040028,23,1,24
Q104027,57,6,63
Q104049,63,6,69
Q104061,42,29,71
Q104067,42,7,49
Q104081,49,9,58
Q104097073,0,5,5
Q1041,50,8,58
Q104109,29,5,34
Q104117227,0,9,9
Q104123,116,3,119
Q104127,33,4,37
Q104137,75,2,77
Q104146,24,5,29
Q104160650,0,4,4
Q1041671,12,1,13
Q1041737,16,1,17
Q1042,45,6,51
Q104212,0,8,8
Q104218168,0,13,13
Q104218554,0,5,5
Q104247879,0,5,5
Q104247880,0,5,5
Q104247884,0,5,5
Q104247886,0,5,5
Q104247904,0,5,5
Q104266,94,23,117
Q104319,9,0,9
Q104326,45,2,47
Q104340,26,2,28
Q1043527,0,173,173
Q104358,40,5,45
Q104372,40,2,42
Q1043824,17,0,17
Q1043961,0,5,5
Q1043985,7,9,16
Q1044,39,11,50
Q1044183,0,8,8
Q1044186,0,11,11
Q1044291,1,9,10
Q1044425,4,1,5
Q1044427,5,183,188
Q1044563,6,0,6
Q1044635,22,1,23
Q1044808,7,0,7
Q1045,39,7,46
Q1045096,0,5,5
Q104514,32,12,44
Q1045165,34,0,34
Q104536386,0,6,6
Q1045401,0,5,5
Q1045541,4,8,12
Q1045828,13,2,15
Q1045845,2,0,2
Q1046057,0,7,7
Q1046066,18,3,21
Q1046088,0,5,5
Q1046367,3,0,3
Q104640199,0,8,8
Q10467,5,2,7
Q1046707,6,6,12
Q104680,6,0,6
Q1046841,37,0,37
Q1046939,6,0,6
Q1046951,8,0,8
Q1047060,17,3,20
Q1047113,0,21,21
Q1047230,19,1,20
Q1047293,17,9,26
Q1047366,8,7,15
Q1047410,16,16,32
Q104761,4,2,6
Q104765957,0,16,16
Q1047698,0,6,6
Q104782082,0,5,5
Q104783532,0,1,1
Q104788952,0,10,10
Q104791,58,18,76
Q1048,30,7,37
Q104814,58,0,58
Q1048166,35,1,36
Q1048192,4,0,4
Q1048846,52,0,52
Q1048851,6,0,6
Q1048856,31,1,32
Q1048898,18,5,23
Q1048902,4,2,6
Q104898,28,1,29
Q1049,45,9,54
Q104903883,0,5,5
Q104905,64,1,65
Q1049095,40,0,40
Q104911948,0,12,12
Q104911949,0,12,12
Q104911955,0,12,12
Q1049139,52,0,52
Q1049171,0,5,5
Q1049296,0,14,14
Q1049470,21,1,22
Q1049480,37,0,37
Q1049502,11,0,11
Q104994,17,28,45
Q104998020,0,12,12
Q1050,41,4,45
Q10500328,0,6,6
Q1050211,11,2,13
Q105031,35,0,35
Q1050331,3,0,3
Q1050528,28,0,28
Q1050533,40,0,40
Q1050571,3,0,3
Q1050603,65,0,65
Q105077092,0,13,13
Q1050826,28,0,28
Q1051023,30,0,30
Q105107179,0,11,11
Q105118,28,1,29
Q1051182,10,3,13
Q10512,4,0,4
Q1051315,40,1,41
Q1051514,4,0,4
Q1051840,5,17,22
Q1051843,3,2,5
Q10520,43,0,43
Q1052139,36,2,38
Q105221,33,25,58
Q1052260,52,1,53
Q105254,8,0,8
Q1052562,0,11,11
Q1052614,14,0,14
Q1052826,51,1,52
Q105304,7,38,45
Q1053256,0,11,11
Q1053574,3,143,146
Q105387,91,0,91
Q1053996,8,3,11
Q105405,11,1,12
Q105406968,0,20,20
Q105420,5,0,5
Q105447,0,58,58
Q1054574,3,199,202
Q105460,55,0,55
Q1054807,0,5,5
Q1054844,9,1,10
Q105487,32,14,46
Q1054905,12,1,13
Q1054923,0,23,23
Q1055,50,14,64
Q1055028,0,20,20
Q105513,3,10,13
Q105527,4,33,37
Q1055299,41,1,42
Q105543609,0,6,6
Q1055728,27,0,27
Q105598,39,0,39
Q1056114,17,1,18
Q1056237,0,13,13
Q105624,54,1,55
Q1056240,0,41,41
Q1056251,29,27,56
Q1056265,24,20,44
Q1056351,4,1,5
Q1056391,5,0,5
Q1056542,8,2,10
Q10566,5,3,8
Q105660,58,15,73
Q105682,0,8,8
Q1056853,45,0,45
Q1057015,37,0,37
Q105702,51,1,52
Q1057045,38,0,38
Q1057172,0,14,14
Q105727509,0,7,7
Q105756,60,4,64
Q105756498,0,5,5
Q105757481,0,15,15
Q105763242,0,14,14
Q105770426,0,15,15
Q1057890,9,0,9
Q105817,46,15,61
Q105825,42,18,60
Q105844,3,1,4
Q1058496,5,6,11
Q10585,18,0,18
Q105853,4,1,5
Q105861,6,2,8
Q105875,91,3,94
Q1058775,0,6,6
Q1058806,23,0,23
Q105891,0,10,10
Q1058914,0,6,6
Q10589314,0,7,7
Q10589342,0,5,5
Q10589356,0,5,5
Q10589373,0,5,5
Q10589385,0,5,5
Q10589401,0,5,5
Q105941,25,1,26
Q1059415,5,0,5
Q1059517,6,4,10
Q1059546,0,7,7
Q105958972,0,41,41
Q105960,14,2,16
Q105987,27,4,31
Q1059914,36,0,36
Q1060160,2,0,2
Q106039,2,2,4
Q1060636,25,1,26
Q1060653,1,0,1
Q1060758,0,8,8
Q10608114,4,0,4
Q106090755,0,5,5
Q106099,35,3,38
Q1061,27,3,30
Q106105970,0,5,5
Q1061069,0,7,7
Q1061104,14,0,14
Q106111559,0,39,39
Q1061197,0,7,7
Q1061233,0,5,5
Q1061238,0,6,6
Q106151,8,0,8
Q1061539,20,0,20
Q1061541,52,0,52
Q1061580,12,1,13
Q1061615,4,0,4
Q106175,28,16,44
Q106182,64,4,68
Q106193,19,3,22
Q1062019,11,18,29
Q1062026,27,57,84
Q106221,47,15,62
Q1062280,3,1,4
Q1062400,7,1,8
Q1062702,1,3,4
Q106275,38,10,48
Q1062789,4,9,13
Q106291,69,530,599
Q1062952,0,5,5
Q1063,11,2,13
Q106301,60,432,492
Q106316,52,0,52
Q106323898,0,6,6
Q1063242,0,9,9
Q10633,0,5,5
Q106337981,0,7,7
Q106349,0,5,5
Q1063493,16,0,16
Q1063547,0,5,5
Q106365,39,8,47
Q106383,31,4,35
Q106394,5,1,6
Q106418,32,4,36
Q106428,94,0,94
Q106440,49,0,49
Q106465,30,2,32
Q1064703,8,1,9
Q1064766,14,0,14
Q10648,28,1,29
Q106481,45,19,64
Q10648661,0,5,5
Q1064978,32,8,40
Q1065,70,212,282
Q1065024,7,4,11
Q106506,55,1,56
Q106508,0,8,8
Q106514,26,5,31
Q106517174,0,6,6
Q106517969,0,8,8
Q1065282,8,0,8
Q106529,28,1,29
Q1065291,7,1,8
Q1065497,0,5,5
Q1065651,35,21,56
Q106571,44,0,44
Q1065711,28,0,28
Q106576466,0,8,8
Q10658,4,1,5
Q1065809,16,0,16
Q1066,12,0,12
Q1066018,7,12,19
Q1066098,32,0,32
Q1066106,0,5,5
Q106615149,0,14,14
Q1066186,0,6,6
Q1066372,0,6,6
Q1066446,14,1,15
Q106648,32,1,33
Q1066492,7,0,7
Q10666486,0,6,6
Q1066683,5,1,6
Q106685,56,3,59
Q106687,7,11,18
Q1066917,0,6,6
Q10669499,1,8,9
Q106696935,0,14,14
Q1066984,0,11,11
Q1067,49,6,55
Q106706,26,12,38
Q106715357,0,5,5
Q106727050,0,135,135
Q1067471,21,2,23
Q106775,43,9,52
Q1067870,11,3,14
Q106787730,0,16,16
Q1067935,19,0,19
Q106800,17,65,82
Q1068072,20,1,21
Q106819,40,0,40
Q1068258,10,4,14
Q10686,17,15,32
Q106871,34,0,34
Q1068713,31,3,34
Q1068734,5,0,5
Q1068752,15,9,24
Q10689397,0,19,19
Q1068952,44,0,44
Q1069,16,5,21
Q10690,9,9,18
Q10690180,0,6,6
Q1069127,0,12,12
Q1069140,27,2,29
Q106942,39,8,47
Q1069698,2,0,2
Q106997,39,8,47
Q1070,18,0,18
Q107006,29,3,32
Q1070152,2,3,5
Q1070160,30,0,30
Q1070333,20,2,22
Q107069,16,7,23
Q1070732,5,4,9
Q107074885,1,11,12
Q1070749,18,0,18
Q1070763,9,2,11
Q10708,81,21,102
Q1071,14,1,15
Q1071169,25,0,25
Q107126,10,11,21
Q107130,22,1,23
Q107146,11,8,19
Q1071585,0,18,18
Q10717,13,1,14
Q107183707,0,5,5
Q1071873,4,0,4
Q1071888,0,10,10
Q1071890,0,6,6
Q1071903,27,9,36
Q1071958,53,0,53
Q1072029,5,1,6
Q1072120,0,34,34
Q107226,74,1,75
Q1072283,2,0,2
Q10723329,5,0,5
Q1072339,3,0,3
Q1072363,0,8,8
Q107249,34,17,51
Q10725467,0,6,6
Q107258,4,457,461
Q1072666,48,0,48
Q107270,110,2,112
Q10729326,5,0,5
Q10732476,0,26,26
Q107325,55,1,56
Q10737,10,13,23
Q10738,32,7,39
Q107397,0,5,5
Q1074029,0,8,8
Q107432,39,0,39
Q107434,9,2,11
Q107438,0,5,5
Q1074523,0,10,10
Q1074688,0,30,30
Q1075,0,15,15
Q1075104,8,1,9
Q1075116,12,0,12
Q1075148,22,0,22
Q1075293,3,32,35
Q1075339,20,5,25
Q1075651,3,25,28
Q1075796,22,1,23
Q107581015,0,5,5
Q1076038,0,14,14
Q107607934,0,6,6
Q1076092,5,0,5
Q10761808,0,5,5
Q10762848,0,91,91
Q1076509,0,6,6
Q107655869,0,5,5
Q107656,31,5,36
Q1076619,4,0,4
Q1077,31,9,40
Q1077064,0,5,5
Q1077160,36,0,36
Q107724,45,0,45
Q107730,22,13,35
Q107736421,1,4,5
Q1077467,6,21,27
Q10774753,0,9,9
Q1077549,16,7,23
Q1077553,18,7,25
Q107761,51,0,51
Q1077635,12,4,16
Q107769,18,15,33
Q1077883,0,9,9
Q107802,2,6,8
Q107818,4,1,5
Q107894,44,0,44
Q1079,104,1,105
Q107914,51,0,51
Q1079140,1,7,8
Q1079204,0,13,13
Q107933,22,7,29
Q1079400,0,6,6
Q107975727,0,5,5
Q10798782,1,1815,1816
Q10798873,0,5,5
Q108,14,0,14
Q10800557,1,2087,2088
Q108006,61,2,63
Q108040139,0,116,116
Q108047,8,11,19
Q108047434,0,8,8
Q108053,12,9,21
Q108058,6,7,13
Q10806,1,14,15
Q108067,9,7,16
Q108072,9,5,14
Q108077,0,5,5
Q1080794,2,2,4
Q108083,10,3,13
Q108084492,0,13,13
Q108087,9,1,10
Q108093,7,2,9
Q108101,11,4,15
Q108106,10,4,14
Q108111,9,9,18
Q108117,8,5,13
Q108122,8,5,13
Q108127,12,8,20
Q108131,15,3,18
Q108137,10,3,13
Q108143,13,8,21
Q1082213,0,7,7
Q10824295,0,18,18
Q108270,0,11,11
Q108283,57,16,73
Q1082849,5,0,5
Q108287432,0,18,18
Q108297,55,1,56
Q108300140,0,9,9
Q10833314,1,10,11
Q108366,55,12,67
Q108403,7,7,14
Q108403040,0,9,9
Q108408,11,5,16
Q108418,14,9,23
Q108429,9,3,12
Q10846439,6,0,6
Q108465955,0,10,10
Q108495011,0,2,2
Q108499,9,6,15
Q1085,33,40,73
Q108503,0,9,9
Q108510,37,6,43
Q108525,51,1,52
Q10855195,0,40,40
Q10855212,0,26,26
Q10855216,0,6,6
Q10855226,0,17,17
Q10855271,0,66,66
Q108560,73,4,77
Q108586,31,0,31
Q10859,5,10,15
Q108597,42,0,42
Q108618,8,7,15
Q1086189,31,25,56
Q108622,17,12,29
Q1086291,14,0,14
Q10864048,0,11,11
Q108666,9,0,9
Q108677027,0,6,6
Q1086802,0,5,5
Q1086861,14,1,15
Q1086863,5,6,11
Q1086864,13,1,14
Q108696153,0,11,11
Q1086977,0,6,6
Q1087121,9,4,13
Q10871364,1,15,16
Q108745,40,4,44
Q10877260,0,5,5
Q108774,41,1,42
Q1087883,25,0,25
Q1088,9,11,20
Q1088364,1,6,7
Q108838044,0,1,1
Q108838045,0,3,3
Q1088453,6,15,21
Q108861,12,5,17
Q108872504,0,26,26
Q10888934,0,6,6
Q108912,29,0,29
Q108935,32,14,46
Q108937206,0,7,7
Q108941,32,13,45
Q10894581,0,6,6
Q108946,58,0,58
Q1089696,4,0,4
Q10898694,0,6,6
Q10905235,0,8,8
Q10905276,0,7,7
Q10905334,0,10,10
Q10906618,0,6,6
Q10908005,0,7,7
Q109092,6,1,7
Q1091031,3,16,19
Q10910797,0,6,6
Q10911620,0,6,6
Q1091168,28,0,28
Q109128,4,2,6
Q1091339,0,6,6
Q109135,42,1,43
Q10914834,0,6,6
Q1091580,33,0,33
Q10922,3,18,21
Q109232,25,12,37
Q1092460,0,10,10
Q109259306,0,9,9
Q10926,4,6,10
Q109265,8,7,15
Q1092837,4,15,19
Q1093,13,2,15
Q109324,24,12,36
Q109331,42,1,43
Q10933928,0,6,6
Q1093517,0,6,6
Q1093611,0,5,5
Q1093829,0,461,461
Q10938645,0,6,6
Q1093910,8,14,22
Q1094020,41,0,41
Q1094046,9,1,10
Q1094113,3,0,3
Q1094226,3,1,4
Q10943,9,0,9
Q1094826,0,8,8
Q109496493,0,14,14
Q10951106,0,5,5
Q1095395,0,15,15
Q109554372,0,4,4
Q10955986,1,4,5
Q109564,22,0,22
Q10957559,15,1,16
Q1095773,13,1,14
Q10958054,0,5,5
Q109612,31,2,33
Q1096120,1,4,5
Q10962,3,2,5
Q109626,9,5,14
Q109641,8,3,11
Q109647832,0,6,6
Q109651,8,3,11
Q109656,0,6,6
Q109661,0,6,6
Q109670,6,5,11
Q109681,7,2,9
Q109686,10,2,12
Q109690,8,6,14
Q109695,0,5,5
Q109701924,0,1,1
Q109705,0,5,5
Q109709,0,6,6
Q109733304,0,17,17
Q109733333,0,32,32
Q1097348,0,316,316
Q109767,38,1,39
Q109790,6,3,9
Q10980,3,2,5
Q109871,10,0,10
Q10990,0,5,5
Q1099153,1,2,3
Q10998,0,7,7
Q110,11,0,11
Q11002,10,2,12
Q110043,31,1,32
Q11005,7,0,7
Q11006,0,21,21
Q1100609,15,2,17
Q11007,4,1,5
Q110071194,0,7,7
Q1100801,13,0,13
Q1100989,3,0,3
Q1101,11,4,15
Q110138,34,0,34
Q110145,0,21,21
Q110154,29,9,38
Q11016,6,9,15
Q1101612,13,16,29
Q110187,5,3,8
Q1101938,31,2,33
Q1102002,0,6,6
Q110203,74,1,75
Q1102217,0,8,8
Q11023,6,14,20
Q11024,0,11,11
Q110266204,0,6,6
Q110266209,0,6,6
Q110278,55,0,55
Q110295396,0,50,50
Q11030,5,25,30
Q110314472,0,5,5
Q1103153,3,0,3
Q110315658,0,5,5
Q1103168,4,0,4
Q11032,13,0,13
Q11033,1,12,13
Q11035680,0,13,13
Q11036,42,28,70
Q110365,60,1,61
Q110374,28,16,44
Q110379,0,6,6
Q11038927,0,19,19
Q110390579,0,9,9
Q110397,56,1,57
Q110403,9,4,13
Q1104069,3,14,17
Q110412,8,3,11
Q1104158,40,0,40
Q11042,0,9,9
Q110426,6,2,8
Q110436,41,3,44
Q110462,41,0,41
Q110471679,0,13,13
Q110495,0,5,5
Q11051,0,5,5
Q110530811,0,12,12
Q110583808,0,5,5
Q11059,0,7,7
Q110613177,0,7,7
Q110613186,0,11,11
Q11063,6,10,16
Q1107,3,1,4
Q11072,0,12,12
Q1107314,0,8,8
Q110739,11,11,22
Q11076504,0,6,6
Q1107679,0,6,6
Q11081,4,23,27
Q1108255,0,7,7
Q11084135,2,0,2
Q11085,11,8,19
Q11086402,0,7,7
Q1109093,13,0,13
Q1109976,0,9,9
Q110999040,0,5,5
Q111,9,3,12
Q111012142,0,5,5
Q111074,32,13,45
Q111098,9,4,13
Q1111024,3,12,15
Q1111228,44,0,44
Q1111261,12,1,13
Q1111310,0,60,60
Q1111359,0,5,5
Q1111542,41,6,47
Q1111640,17,1,18
Q111168,10,5,15
Q111174,5,6,11
Q1112005,49,8,57
Q11122599,0,5,5
Q111241092,0,18,18
Q11124885,0,7,7
Q1112515,14,1,15
Q1112687,2,5,7
Q11127145,0,11,11
Q111278985,0,12,12
Q11130038,0,5,5
Q1113311,13,7,20
Q111332,5,21,26
Q1113428,17,14,31
Q111368,6,2,8
Q1113804,11,4,15
Q111391,0,5,5
Q111400,5,4,9
Q111409,4,3,7
Q111431873,0,25,25
Q111436,36,7,43
Q1114448,0,8,8
Q1114628,6,1,7
Q1114683,51,0,51
Q1114947,7,0,7
Q111540,0,5,5
Q111549,5,2,7
Q1115575,0,27,27
Q1115878,10,0,10
Q111600428,0,14,14
Q11163999,0,10,10
Q111694,5,4,9
Q1117390,44,6,50
Q1117613,40,0,40
Q11177,0,7,7
Q111774,5,3,8
Q11180,3,3,6
Q11184,0,10,10
Q11190,11,9,20
Q11191,0,5,5
Q11194,16,4,20
Q111967015,0,7,7
Q11198,10,1,11
Q11208,1,7,8
Q11209,8,6,14
Q1120939,0,8,8
Q112099,0,43,43
Q112107,5,2,7
Q1121436,0,14,14
Q112166181,0,5,5
Q11218,26,2,28
Q112193867,0,67,67
Q11220,22,3,25
Q112206561,0,12,12
Q1122281,38,0,38
Q11223,3,2,5
Q1122380,5,2,7
Q11224,9,0,9
Q112241213,0,15,15
Q112243,9,101,110
Q1122571,51,0,51
Q1122661,14,0,14
Q1122688,51,0,51
Q112271,6,2,8
Q11230,8,0,8
Q1123006,37,1,38
Q112307,48,1,49
Q1123463,38,0,38
Q1123745,4,1,5
Q1123766,3,4,7
Q1123891,30,0,30
Q1123947,9,8,17
Q1124,52,7,59
Q1124061,8,12,20
Q1124153,11,1,12
Q112457,0,5,5
Q1124743,8,2,10
Q11248,7,3,10
Q1124841,5,0,5
Q1124849,6,24,30
Q1124875,45,1,46
Q112512,0,6,6
Q1125253,36,0,36
Q1125282,55,0,55
Q1125384,72,1,73
Q11256,24,1,25
Q1125651,0,6,6
Q1126563,0,6,6
Q1126713,10,14,24
Q11268,10,10,20
Q112707,8,0,8
Q11271835,0,13,13
Q1127184,50,0,50
Q11272426,3,0,3
Q112741246,0,5,5
Q1127530,0,5,5
Q1127539,5,0,5
Q1127887,7,13,20
Q1128631,4,7,11
Q1128750,50,1,51
Q1128756,24,2,26
Q1128867,36,1,37
Q1129,0,5,5
Q1129080,32,0,32
Q112915,12,6,18
Q1129227,33,0,33
Q1129282,0,11,11
Q1129290,36,0,36
Q1129381,44,0,44
Q1129487,31,24,55
Q1129534,39,0,39
Q112965645,0,44,44
Q11299,16,163,179
Q113000,3,0,3
Q1130084,42,0,42
Q1130275,0,10,10
Q113029,9,2,11
Q113031066,0,5,5
Q1130553,4,0,4
Q1130581,12,0,12
Q1130664,73,0,73
Q113068,0,8,8
Q113079,6,2,8
Q1130799,26,0,26
Q113080784,0,7,7
Q1130849,0,5,5
Q11309299,0,6,6
Q1131225,24,1,25
Q1131356,0,181,181
Q113145171,0,35,35
Q1131669,48,0,48
Q1131772,0,35,35
Q1131791,17,0,17
Q113182127,0,6,6
Q1132041,2,3,5
Q113206,24,11,35
Q113209507,0,22,22
Q1132152,5,1,6
Q1132346,25,1,26
Q113237,5,3,8
Q1132413,0,3,3
Q1132439,52,3,55
Q113260418,0,13,13
Q1132632,0,9,9
Q1132636,0,7,7
Q1132978,30,0,30
Q1133502,0,16,16
Q1133657,3,23,26
Q113369276,0,12,12
Q1133772,26,0,26
Q11338576,1,10,11
Q11344,1,9,10
Q1134799,14,2,16
Q113489728,0,10,10
Q1134906,8,0,8
Q113510146,0,31,31
Q1135137,6,0,6
Q1135229,0,23,23
Q113532584,0,4,4
Q11358,6,1,7
Q1135802,2,4,6
Q1135966,29,0,29
Q11363,4,0,4
Q1136331,7,0,7
Q1136336,0,4,4
Q1136370,30,0,30
Q11365,3,12,15
Q1136507,0,7,7
Q11366,7,152,159
Q11367,2,0,2
Q11368,1,7,8
Q1136919,21,0,21
Q1137,12,3,15
Q1137109,0,39,39
Q1137236,56,0,56
Q1137286,0,5,5
Q1137312,0,7,7
Q1137372,40,0,40
Q1137381,0,20,20
Q1137540,0,6,6
Q1137665,18,0,18
Q1137856,40,0,40
Q1137899,49,1,50
Q1138191,3,0,3
Q1138374,13,2,15
Q1138378,0,9,9
Q1138384,14,3,17
Q1138524,0,83,83
Q1138605,0,5,5
Q1138607,0,5,5
Q1138620,29,0,29
Q1138658,0,5,5
Q1138671,1,0,1
Q1138674,0,9,9
Q1138711,0,5,5
Q1138789,16,38,54
Q113892,7,1,8
Q1139016,28,0,28
Q1139023,38,0,38
Q1139031,20,0,20
Q1139085,2,0,2
Q1139136,4,7,11
Q1139190,0,10,10
Q1139248,18,3,21
Q1139311,36,0,36
Q1139327,0,5,5
Q1139341,2,2,4
Q1139352,0,109,109
Q1139454,47,1,48
Q1139511,0,8,8
Q11396960,0,23,23
Q1139717,0,5,5
Q1139794,54,1,55
Q1139801,43,0,43
Q11399,5,336,341
Q114,41,17,58
Q1140056,0,15,15
Q11401,4,119,123
Q1140171,47,0,47
Q1140193,15,0,15
Q1140241,0,14,14
Q1140257,51,0,51
Q11403,2,1,3
Q1140309,28,0,28
Q11404,10,15,25
Q11405,0,16,16
Q1140542,14,2,16
Q1140578,50,1,51
Q1140588,5,2,7
Q1140775,9,2,11
Q1140848,1,3,4
Q1140960,8,0,8
Q1140971,0,8,8
Q1141037,0,14,14
Q1141081,3,4,7
Q114115,53,0,53
Q1141173,9,1,10
Q1141238,20,1,21
Q1141252,53,1,54
Q114140,7,2,9
Q1141460,48,0,48
Q1141493,41,1,42
Q11415564,0,7,7
Q1141571,13,1,14
Q11416,0,13,13
Q11417,0,5,5
Q1141746,35,0,35
Q114179,17,13,30
Q1141850,2,0,2
Q1141877,26,0,26
Q11419,0,22,22
Q1141912,52,0,52
Q1142,23,1,24
Q11420,5,10,15
Q1142030,3,0,3
Q1142035,1,13,14
Q1142073,6,0,6
Q11422368,0,7,7
Q1142327,3,0,3
Q11424,41,1749,1790
Q1142456,1,6,7
Q11425,3,16,19
Q1142885,3,5,8
Q1143000,6,1,7
Q114306,8,4,12
Q1143281,8,4,12
Q1143289,1,6,7
Q1143358,3,2,5
Q1143412,6,0,6
Q1143635,3,8,11
Q1143644,6,0,6
Q1143793,3,0,3
Q1143797,4,0,4
Q1143802,30,0,30
Q1144013,0,6,6
Q1144262,23,2,25
Q1144409,0,10,10
Q114447,13,4,17
Q1144479,27,0,27
Q1144673,12,7,19
Q1144750,13,0,13
Q1144761,0,2,2
Q11448906,0,15,15
Q114490979,0,9,9
Q11451,9,3,12
Q1145306,8,9,17
Q1145528,12,6,18
Q1145552,0,75,75
Q11456,3,0,3
Q1145732,51,0,51
Q1145764,33,0,33
Q11459,39,0,39
Q11460,15,0,15
Q11461,10,1,11
Q1146100,6,2,8
Q1146194,39,1,40
Q1146254,0,11,11
Q11463,19,1,20
Q1146335,3,67,70
Q1146345,36,0,36
Q1146570,40,0,40
Q1146578,0,3,3
Q1146700,8,2,10
Q1146861,41,0,41
Q114717220,0,7,7
Q114717229,0,6,6
Q114717230,0,8,8
Q114717231,0,8,8
Q114717232,0,7,7
Q114717233,0,10,10
Q114717234,0,10,10
Q114717235,0,8,8
Q114717236,0,8,8
Q1147776,3,4,7
Q11481802,0,41,41
Q114819,41,1,42
Q1148233,4,1,5
Q114839890,0,6,6
Q114843,11,4,15
Q114853062,0,19,19
Q1148579,5,1,6
Q114862,8,4,12
Q1148711,7,17,24
Q11488158,0,19,19
Q1148872,1,5,6
Q1148974,0,7,7
Q114904,7,5,12
Q1149089,5,4,9
Q1149100,0,7,7
Q114923,7,1,8
Q114948,0,7,7
Q1149560,3,0,3
Q114969,6,2,8
Q1149868,3,3,6
Q114989,0,6,6
Q11499147,0,9,9
Q114992,5,4,9
Q115,51,8,59
Q1150105,23,5,28
Q115014,0,6,6
Q115025,3,4,7
Q115026,4,5,9
Q1150306,0,49,49
Q1150312,6,3,9
Q1150316,13,5,18
Q115043,8,4,12
Q1150437,5,5,10
Q115055,23,7,30
Q1150569,16,2,18
Q115061,3,5,8
Q1150713,42,0,42
Q115081,0,6,6
Q115088770,0,5,5
Q1150893,4,0,4
Q1150930,26,0,26
Q115104,8,2,10
Q115134,12,4,16
Q11514315,0,14,14
Q1151457,13,4,17
Q115148,11,5,16
Q115156386,0,48,48
Q115160290,0,30,30
Q115160932,0,52,52
Q115166,10,1,11
Q1151733,0,16,16
Q115182,11,2,13
Q115187,0,5,5
Q1151944,11,2,13
Q1151947,34,1,35
Q115200,5,6,11
Q115216,8,3,11
Q1152184,0,46,46
Q1152269,0,20,20
Q115227,5,4,9
Q1152369,0,9,9
Q115247,7,1,8
Q115266,7,4,11
Q1152815,0,12,12
Q115289,11,1,12
Q1152955,8,8,16
Q1153032,1,4,5
Q1153176,3,0,3
Q1153370,47,1,48
Q115376,19,3,22
Q115385,27,0,27
Q115427560,0,8,8
Q1154469,11,0,11
Q115463,0,5,5
Q115480,0,5,5
Q115484611,1,8,9
Q115541,29,9,38
Q115547,0,5,5
Q115551,3,1,4
Q115556,3,3,6
Q1155838,4,1,5
Q1156,31,107,138
Q1156089,27,0,27
Q1156334,2,12,14
Q1156642,3,49,52
Q1156648,30,0,30
Q11568,8,1,9
Q115682002,0,31,31
Q1156848,0,5,5
Q115690216,0,9,9
Q11569986,0,8,8
Q11572,20,2,22
Q115735,0,5,5
Q115737,0,5,5
Q11575,0,7,7
Q115760,40,0,40
Q11577,0,7,7
Q1157743,0,9,9
Q11578,23,1,24
Q1157920,4,0,4
Q1158951,0,6,6
Q1159,16,6,22
Q11593,47,1,48
Q11598,63,2,65
Q116,6,11,17
Q1160005,45,0,45
Q116033998,0,5,5
Q1160868,9,15,24
Q1160945,8,0,8
Q1161102,16,11,27
Q1161109,2,11,13
Q1161113,0,6,6
Q1161114,0,4,4
Q116113,0,5,5
Q1161136,0,5,5
Q1161297,11,3,14
Q11613,29,4,33
Q11617,54,3,57
Q1162,13,2,15
Q11621,82,0,82
Q1162163,0,6,6
Q116219,20,6,26
Q11629,11,9,20
Q1163034,0,8,8
Q1163074,5,4,9
Q11631,3,3,6
Q1163293,0,9,9
Q11633,8,4,12
Q11634,8,4,12
Q11635,0,32,32
Q11637,50,6,56
Q11639,14,6,20
Q1164,44,2,46
Q1164252,4,0,4
Q116434,1,4,5
Q1164477,5,1,6
Q116452747,0,17,17
Q1164558,0,5,5
Q11647,37,5,42
Q1164753,44,0,44
Q1164779,38,0,38
Q116485,10,1,11
Q11649,31,13,44
Q1165,34,5,39
Q11650,0,5,5
Q116505765,0,7,7
Q1165208,28,0,28
Q1165609,11,29,40
Q1165751,0,12,12
Q1165777,3,1,4
Q1166,48,38,86
Q11660,6,8,14
Q116600590,0,3,3
Q11661,4,10,14
Q1166158,3,0,3
Q1166180,66,1,67
Q116636,0,7,7
Q1166925,0,6,6
Q1167725,44,1,45
Q116780519,0,13,13
Q1168,19,7,26
Q116813843,0,9,9
Q116813844,0,5,5
Q116813846,0,5,5
Q116845,100,0,100
Q116852,43,1,44
Q116854,0,6,6
Q116861,44,11,55
Q1168760,28,0,28
Q1169,16,2,18
Q116905,56,0,56
Q1169098,25,0,25
Q116928,60,0,60
Q1169487,7,0,7
Q11696,11,39,50
Q1169609,31,0,31
Q11699,6,13,19
Q117,41,9,50
Q11700058,0,6,6
Q1170071,31,0,31
Q11701,10,1,11
Q117012,48,5,53
Q11703,13,6,19
Q117040,11,1,12
Q1170493,0,7,7
Q1170500,0,11,11
Q1170507,4,13,17
Q11707,3,2,5
Q117078387,0,41,41
Q11708,24,12,36
Q1171,22,4,26
Q1171196,0,6,6
Q1171247,24,0,24
Q1171858,0,10,10
Q1171956,3,7,10
Q1172213,6,1,7
Q117249,57,1,58
Q11725,17,3,20
Q117287069,0,8,8
Q1173,16,1,17
Q117315,109,0,109
Q1173200,15,2,17
Q117351898,0,24,24
Q1173538,0,5,5
Q11736,19,4,23
Q1173825,0,9,9
Q1173882,9,0,9
Q11739,18,7,25
Q117392,20,6,26
Q117396,215,1,216
Q1174,22,3,25
Q117405807,0,6,6
Q1174468,19,1,20
Q11746,12,2,14
Q1174604,15,0,15
Q117467,0,5,5
Q117467246,1,29,30
Q117479,13,0,13
Q117500,12,7,19
Q1175266,23,0,23
Q1175673,26,2,28
Q1175691,20,0,20
Q117590,85,3,88
Q1176208,0,6,6
Q1176556,0,7,7
Q117696,42,0,42
Q1177,20,6,26
Q1177096,11,8,19
Q11772,10,10,20
Q11774097,0,14,14
Q11774156,0,7,7
Q11774202,0,87,87
Q117746046,0,18,18
Q1177705,5,2,7
Q11778321,0,7,7
Q117876,12,2,14
Q11789125,0,13,13
Q1179,17,3,20
Q1179189,0,60,60
Q11795583,0,5,5
Q1179599,9,1,10
Q1179603,13,12,25
Q117995,15,3,18
Q1180,13,3,16
Q1180262,0,6,6
Q11806,49,3,52
Q11812,59,13,72
Q11812346,0,13,13
Q11813,42,6,48
Q11815,37,4,41
Q118152,9,3,12
Q11816,58,2,60
Q11817,34,6,40
Q11828004,0,10,10
Q1182912,9,0,9
Q1183,2,19,21
Q118382,1,8,9
Q1183935,5,0,5
Q118398,1,140,141
Q1184,28,5,33
Q118448572,1,6,7
Q1184704,0,5,5
Q1184880,2,0,2
Q1185,28,9,37
Q1185037,6,27,33
Q1185817,0,5,5
Q1185955,15,0,15
Q1186,21,5,26
Q1186025,12,2,14
Q11862829,0,70,70
Q1186557,30,1,31
Q11869,31,1,32
Q11869851,0,5,5
Q1187041,4,1,5
Q11873300,0,5,5
Q1187580,0,8,8
Q118763,0,10,10
Q1187656,0,5,5
Q1187811,0,54,54
Q1188,0,8,8
Q118809333,0,6,6
Q11882864,0,6,6
Q1188361,9,9,18
Q1188369,5,1,6
Q11885,21,1,22
Q118863,12,0,12
Q1188661,2,8,10
Q1188663,0,8,8
Q11887890,0,7,7
Q1188938,8,16,24
Q1189047,0,13,13
Q11891,30,2,32
Q1189102,0,5,5
Q1189169,0,9,9
Q11892507,0,17,17
Q1189302,5,0,5
Q1189317,30,0,30
Q1189377,11,2,13
Q1189389,0,6,6
Q1189470,0,7,7
Q11895,33,20,53
Q1189552,5,4,9
Q11895763,0,121,121
Q118958,16,0,16
Q11896,26,0,26
Q1189617,16,0,16
Q1189681,0,6,6
Q1189728,18,0,18
Q119,13,1,14
Q11900058,0,10,10
Q11901,41,5,46
Q1190134,1,5,6
Q1190137,10,3,13
Q1190150,0,7,7
Q1190406,0,5,5
Q1190565,5,2,7
Q1190590,6,27,33
Q1190693,13,4,17
Q1190812,20,1,21
Q1190926,0,6,6
Q1190974,12,1,13
Q1190988,43,0,43
Q1191,33,14,47
Q11910476,0,5,5
Q11911,18,4,22
Q1191202,0,9,9
Q1191335,11,3,14
Q1191344,10,3,13
Q1191537,9,0,9
Q11915587,0,9,9
Q11917,0,5,5
Q1191833,17,1,18
Q11925,0,8,8
Q11929,0,5,5
Q1193,13,2,15
Q11930,42,23,65
Q1193138,37,1,38
Q11934,7,4,11
Q1193547,18,2,20
Q1193678,8,0,8
Q1193741,6,0,6
Q11938,5,3,8
Q1193825,26,0,26
Q1194,17,7,24
Q11942,14,3,17
Q11943,14,4,18
Q1194456,1,8,9
Q1194523,9,0,9
Q1194689,10,0,10
Q1194951,0,6,6
Q1195311,35,0,35
Q1195543,8,0,8
Q1195774,35,1,36
Q1196,12,5,17
Q11961,3,0,3
Q1196251,8,0,8
Q1196408,3,8,11
Q1196712,14,0,14
Q1196752,3,16,19
Q1196958,34,0,34
Q1197,26,5,31
Q1197022,31,0,31
Q1197185,61,0,61
Q11972,28,3,31
Q1197407,5,0,5
Q1197427,26,1,27
Q11975,43,12,55
Q1197869,22,0,22
Q11979,3,0,3
Q1197928,9,4,13
Q1197932,26,1,27
Q119798,37,19,56
Q1198,17,7,24
Q1198073,29,0,29
Q119849,15,7,22
Q1198553,5,1,6
Q1198697,0,10,10
Q1198860,37,0,37
Q1198887,4,12,16
Q1198897,17,7,24
Q11989370,12,0,12
Q1199,16,7,23
Q1199259,31,1,32
Q11992872,0,5,5
Q119935,25,4,29
Q11995,0,13,13
Q119966,7,5,12
Q11998,41,2,43
Q1199837,23,0,23
Q120,14,1,15
Q1200,24,6,30
Q12003,47,8,55
Q1200368,4,10,14
Q1200552,9,11,20
Q12006,26,2,28
Q1200678,0,127,127
Q1200957,0,22,22
Q1201,1,5,6
Q1201513,8,0,8
Q12015335,0,8,8
Q1201654,22,0,22
Q1201755,0,13,13
Q1202,15,7,22
Q1202039,8,3,11
Q12020884,0,6,6
Q1202548,0,8,8
Q1202628,9,1,10
Q1203,64,5,69
Q120366,0,7,7
Q120367,19,2,21
Q1204,38,35,73
Q1204187,6,3,9
Q1204213,21,0,21
Q1204714,10,6,16
Q120475222,0,7,7
Q1204812,0,2,2
Q12049440,0,6,6
Q1205,24,9,33
Q120533,14,0,14
Q120569,0,12,12
Q12059144,0,9,9
Q1206,11,8,19
Q12060065,0,8,8
Q1206012,0,11,11
Q12060728,5,0,5
Q1206261,25,0,25
Q120638159,0,9,9
Q120679521,0,6,6
Q1207,25,9,34
Q120730,0,5,5
Q120755,10,0,10
Q12078,8,52,60
Q120799836,0,8,8
Q1208,19,5,24
Q1208175,0,25,25
Q120877,0,11,11
Q1208802,0,6,6
Q1209,0,5,5
Q12090,12,3,15
Q1209263,0,5,5
Q1209753,0,6,6
Q1209853,56,0,56
Q121,16,1,17
Q1210,25,7,32
Q12100,11,6,17
Q1210045,6,2,8
Q1210069,5,0,5
Q1210353,0,7,7
Q121045,0,7,7
Q1210827,0,5,5
Q1210832,38,0,38
Q1210973,28,0,28
Q12109871,0,5,5
Q1211,25,12,37
Q1211143,30,0,30
Q121157,7,0,7
Q1211934,3,0,3
Q1212,34,9,43
Q1212139,33,0,33
Q12127133,0,5,5
Q1212768,35,0,35
Q1212928,31,0,31
Q12130,7,2,9
Q1213010,29,0,29
Q121359767,0,28,28
Q12136,0,97,97
Q121364143,0,11,11
Q12138,0,10,10
Q1214,26,17,43
Q12140,3,24,27
Q121401577,0,5,5
Q12143,0,7,7
Q12144794,0,54,54
Q12146,0,5,5
Q121507,44,4,48
Q1215169,23,0,23
Q12152,15,184,199
Q12156,16,3,19
Q1215865,23,0,23
Q1215884,2,16,18
Q121594,6,23,29
Q1216,27,5,32
Q1216045,11,0,11
Q121698,10,10,20
Q121698959,0,8,8
Q1217057,26,0,26
Q12172,0,5,5
Q12174,9,2,11
Q121765,5,4,9
Q12177451,0,10,10
Q121783,7,9,16
Q12178928,0,8,8
Q1218,30,15,45
Q121810,35,0,35
Q1218180,9,1,10
Q121834720,0,5,5
Q121842,9,5,14
Q1218601,44,0,44
Q12187,4,0,4
Q1218959,52,1,53
Q1219026,22,0,22
Q12191,14,3,17
Q12192,25,93,118
Q12192290,1,6,7
Q121932,1,4,5
Q12195,15,0,15
Q12199,12,2,14
Q122,17,1,18
Q12201434,0,18,18
Q12201445,0,19,19
Q12201477,0,106,106
Q12201526,0,15,15
Q12202,11,65,76
Q12203350,0,5,5
Q12204,18,13,31
Q122043,59,3,62
Q12206,10,22,32
Q1221,28,10,38
Q122113,27,0,27
Q1221156,0,13,13
Q12214,16,0,16
Q122141,9,1,10
Q122158106,0,7,7
Q122167901,0,9,9
Q12217,5,1,6
Q1222,0,6,6
Q1223,38,41,79
Q12230,3,0,3
Q122342057,0,13,13
Q12234590,0,5,5
Q12236,3,3,6
Q1224817,3,2,5
Q12249,3,0,3
Q1225,33,5,38
Q1225141,14,3,17
Q122549,5,2,7
Q122563,6,0,6
Q122614,0,16,16
Q12262532,0,7,7
Q1226599,35,0,35
Q122669,10,2,12
Q1226913,0,8,8
Q1227,37,14,51
Q12271,17,11,28
Q122713,29,0,29
Q122723,13,4,17
Q122741,10,4,14
Q1227533,0,15,15
Q1228431,5,1,6
Q122892,8,4,12
Q1228933,0,8,8
Q1229035,6,1,7
Q1229052,0,5,5
Q1229499,11,0,11
Q12297,5,1,6
Q1229857,33,1,34
Q123,12,1,13
Q123028,6,2,8
Q1230458,0,1,1
Q1230739,14,1,15
Q123078,26,3,29
Q12308,3,0,3
Q1230940,14,0,14
Q1231094,5,0,5
Q123129246,1,10,11
Q1231435,0,9,9
Q1231447,18,0,18
Q123166,26,0,26
Q123174,23,4,27
Q1231865,0,17,17
Q123206,0,5,5
Q12325,39,0,39
Q123258,8,3,11
Q12326776,0,12,12
Q1233073,1,1,2
Q123351,30,24,54
Q1233991,0,7,7
Q1233993,0,11,11
Q1234713,0,7,7
Q123480,0,43,43
Q1235281,29,0,29
Q123560817,0,97,97
Q12360214,1,11,12
Q123625363,0,31,31
Q12362622,0,26,26
Q123627,5,3,8
Q123634,8,9,17
Q1236851,27,0,27
Q1237,0,9,9
Q123705,0,14,14
Q123709,15,5,20
Q123737,0,77,77
Q123745,0,6,6
Q123759,0,34,34
Q123766,10,9,19
Q12377274,1,16,17
Q12382,16,2,18
Q123829,37,1,38
Q123849,18,4,22
Q1238570,1,11,12
Q1238714,4,79,83
Q123885,17,37,54
Q1238931,15,0,15
Q1239,15,4,19
Q1239033,7,3,10
Q123938901,0,80,80
Q124,14,1,15
Q1240097,7,7,14
Q1240103,16,0,16
Q1240192,0,5,5
Q1240233,0,8,8
Q12406482,1,6,7
Q124147,14,0,14
Q124179,34,13,47
Q124230,4,7,11
Q1242707,0,7,7
Q1243,14,2,16
Q12431,9,0,9
Q124350773,0,5,5
Q124355862,0,23,23
Q124358776,0,108,108
Q1243718,8,4,12
Q12439,22,74,96
Q12443800,0,23,23
Q1244442,0,5,5
Q124458350,0,6,6
Q1244704,8,2,10
Q124490,1,6,7
Q1246,0,6,6
Q124617,35,0,35
Q1247,26,0,26
Q1247158,21,0,21
Q1247168,18,2,20
Q1247212,11,0,11
Q1247216,32,0,32
Q1247241,11,0,11
Q1247248,16,2,18
Q1247292,12,0,12
Q1247373,7,7,14
Q124737604,0,12,12
Q124737616,0,33,33
Q124737630,0,18,18
Q124737632,0,71,71
Q124737633,0,50,50
Q124737635,0,23,23
Q124737636,0,20,20
Q124737637,0,32,32
Q124737664,0,14,14
Q124739,5,1,6
Q1247468,7,0,7
Q1247494,8,0,8
Q1247510,10,0,10
Q1247544,20,3,23
Q1247581,6,0,6
Q1247589,6,4,10
Q1247701,8,0,8
Q1247808,15,0,15
Q1247858,9,0,9
Q1248019,10,0,10
Q124821483,0,24,24
Q12483,13,1,14
Q1248938,18,0,18
Q1249005,10,1,11
Q12490507,1,4,5
Q1249239,34,0,34
Q1249251,7,2,9
Q1249537,0,5,5
Q125,13,1,14
Q1250,11,4,15
Q125017,29,18,47
Q1250287,0,23,23
Q1250464,0,7,7
Q125106,21,13,34
Q125121,78,7,85
Q125121451,0,5,5
Q125163,6,5,11
Q1251736,14,1,15
Q1252328,0,6,6
Q125249,32,0,32
Q1252526,13,6,19
Q1252563,0,10,10
Q12526,10,3,13
Q1253172,4,9,13
Q125337,0,10,10
Q125359378,0,6,6
Q12536,1,5,6
Q125434,9,0,9
Q12544,28,13,41
Q12546,12,3,15
Q1254704,3,0,3
Q1254773,0,15,15
Q12548,39,41,80
Q1254874,1,23,24
Q1254992,0,5,5
Q125499293,0,17,17
Q1255010,12,0,12
Q125506406,0,35,35
Q1255198,0,22,22
Q1255210,0,20,20
Q1255263,0,5,5
Q1255499,25,0,25
Q125551,0,5,5
Q1255631,0,9,9
Q12557,8,0,8
Q1255921,1,15,16
Q1256,17,3,20
Q12560,39,33,72
Q125603,24,11,35
Q1256415,0,20,20
Q1256981,9,18,27
Q1257075,0,5,5
Q1257399,0,16,16
Q1257444,2,3,5
Q1257493,0,14,14
Q125749677,0,8,8
Q125749678,0,5,5
Q1257501,0,34,34
Q125761,0,9,9
Q1258012,0,9,9
Q12583,0,6,6
Q12585,3,28,31
Q1258647,0,22,22
Q12589,12,1,13
Q125904,38,18,56
Q1259330,0,8,8
Q125935456,0,35,35
Q1259362,4,18,22
Q1259395,0,14,14
Q1259759,0,30,30
Q1259917,1,20,21
Q126,15,2,17
Q126039,3,6,9
Q1260789,4,25,29
Q1261,34,39,73
Q1261193,24,0,24
Q1261214,2,2,4
Q1261335,0,2,2
Q1261578,9,0,9
Q126171642,0,13,13
Q126178049,0,16,16
Q126183,38,0,38
Q126269,6,1,7
Q1263,13,4,17
Q1263215,3,0,3
Q126334,5,1,6
Q126374795,0,26,26
Q126399,14,372,386
Q126418747,0,8,8
Q1264331,0,5,5
Q1264867,6,4,10
Q126514,5,4,9
Q1265702,32,22,54
Q1265782,4,23,27
Q126599,26,12,38
Q12661,17,4,21
Q12661055,0,6,6
Q1266750,14,0,14
Q1266818,0,23,23
Q126699,27,0,27
Q126722605,0,21,21
Q126740695,0,10,10
Q1267828,3,0,3
Q126793,2,5,7
Q126796,21,2,23
Q1267987,7,1,8
Q126800,27,4,31
Q126805,9,1,10
Q126826,0,10,10
Q12684,0,6,6
Q1268432,3,0,3
Q1268871,8,1,9
Q1268927,41,29,70
Q126941,22,6,28
Q126957,23,2,25
Q1269785,0,6,6
Q1270,6,0,6
Q12700761,0,12,12
Q1270283,26,1,27
Q127041,8,3,11
Q127050,0,5,5
Q127060,25,0,25
Q1270755,0,6,6
Q127076,6,7,13
Q1271389,0,8,8
Q127167,10,3,13
Q12717,10,3,13
Q1271752,4,0,4
Q12722,14,0,14
Q127238,6,2,8
Q12724,15,6,21
Q1272775,1,3,4
Q1273,15,4,19
Q1273140,0,10,10
Q127318,30,5,35
Q1273264,0,5,5
Q127330,51,2,53
Q1273568,0,11,11
Q1273666,8,12,20
Q127367,71,1,72
Q12737077,0,64,64
Q127417,37,0,37
Q1274453,10,3,13
Q127471,18,3,21
Q1274807,25,0,25
Q1274892,0,5,5
Q127506,10,2,12
Q12751,9,2,11
Q127513,10,4,14
Q12753,6,1,7
Q12755,0,5,5
Q127552,13,20,33
Q1275727,0,15,15
Q1276,69,1,70
Q1276100,4,0,4
Q1276338,8,0,8
Q127635,5,0,5
Q12765827,0,70,70
Q1276587,12,1,13
Q127683,0,26,26
Q12770,9,3,12
Q1277029,26,2,28
Q1277039,0,7,7
Q12771,20,7,27
Q1277463,0,11,11
Q1277484,13,3,16
Q1277557,0,7,7
Q1277776,13,3,16
Q1277961,3,27,30
Q1278095,4,1,5
Q1278206,7,1,8
Q1278221,6,2,8
Q1278284,4,4,8
Q1278335,1,5,6
Q127856,7,101,108
Q127877,13,2,15
Q1278871,0,5,5
Q127897,37,0,37
Q1279,14,4,18
Q12792,9,1,10
Q1279306,0,4,4
Q12796,5,1,6
Q1279660,17,2,19
Q127970,6,3,9
Q1279758,14,10,24
Q127978,5,2,7
Q1279835,5,6,11
Q127990,19,1,20
Q127996,0,6,6
Q1280,15,1,16
Q12800682,1,27,28
Q128047,6,3,9
Q128069,10,11,21
Q1280760,0,8,8
Q128077,10,10,20
Q1280821,0,6,6
Q128085,28,0,28
Q1280895,3,0,3
Q128109,5,3,8
Q128114,12,5,17
Q128116,0,10,10
Q1281175,0,6,6
Q128121,45,2,47
Q1281212,16,3,19
Q128124,0,27,27
Q128133,9,5,14
Q128137,7,3,10
Q128147,10,3,13
Q128148,3,0,3
Q128160,0,5,5
Q1281608,4,0,4
Q1281618,1,19,20
Q128186,13,4,17
Q1282,10,8,18
Q12820,7,1,8
Q128244,10,9,19
Q1282510,0,6,6
Q128267,0,6,6
Q128282,7,0,7
Q128295,6,3,9
Q128306,6,5,11
Q128309,2,70,72
Q128321,4,2,6
Q128323,10,1,11
Q128349,4,1,5
Q128361,4,1,5
Q12837,9,5,14
Q128379,0,6,6
Q1284,13,4,17
Q128446,4,2,6
Q1284518,0,5,5
Q128471,0,14,14
Q128493,40,0,40
Q128518,66,5,71
Q1285376,14,0,14
Q1285467,32,0,32
Q1285504,3,44,47
Q1285517,4,0,4
Q1285545,4,0,4
Q1285551,25,0,25
Q128559,5,0,5
Q128560,37,3,40
Q128581,6,14,20
Q1285835,5,0,5
Q1285856,5,1,6
Q12859263,0,6,6
Q1285949,2,0,2
Q1285970,26,38,64
Q1285983,4,0,4
Q1286,28,4,32
Q1286387,34,0,34
Q1286406,0,9,9
Q128649,0,4,4
Q1286639,3,47,50
Q128730,55,0,55
Q1287335,3,34,37
Q128746,29,4,33
Q1287517,14,0,14
Q128758,10,32,42
Q1287651,17,1,18
Q128781,5,0,5
Q128799,33,4,37
Q128854,27,0,27
Q1288568,0,55,55
Q128891,4,2,6
Q1289,15,2,17
Q128902,23,1,24
Q12892,18,3,21
Q128924,24,0,24
Q128939,0,5,5
Q128944,11,1,12
Q1289495,3,0,3
Q128982,27,0,27
Q1290,0,5,5
Q1290155,3,0,3
Q129037,27,0,27
Q129041,19,0,19
Q1290421,0,8,8
Q129079,0,6,6
Q12909644,0,8,8
Q12912091,0,5,5
Q1291221,0,18,18
Q12912667,0,27,27
Q1291441,0,6,6
Q129164,5,0,5
Q129193,28,1,29
Q1292284,9,0,9
Q1292541,33,1,34
Q1292617,5,2,7
Q129279,7,1,8
Q129286,22,85,107
Q1293513,0,7,7
Q129372,0,14,14
Q129421,22,1,23
Q129429,0,5,5
Q1294626,0,6,6
Q129499,0,5,5
Q1295,25,3,28
Q12953610,0,6,6
Q12953671,0,8,8
Q12953686,0,5,5
Q12953935,0,5,5
Q1295611,10,9,19
Q129591,37,11,48
Q1296,21,5,26
Q129610,11,2,13
Q129673,3,1,4
Q12969418,10,0,10
Q1297,24,254,278
Q12981673,0,5,5
Q129817,33,18,51
Q129864,6,3,9
Q1298934,4,28,32
Q1299,0,34,34
Q1299260,3,0,3
Q12994,18,7,25
Q129987,0,5,5
Q1300012,1,0,1
Q130034,14,2,16
Q130191,15,9,24
Q130232,3,1046,1049
Q1302545,3,45,48
Q13027888,0,41,41
Q130290,0,5,5
Q130311,42,2,44
Q130365,18,1,19
Q130447,24,6,30
Q1304560,22,0,22
Q1304952,21,3,24
Q1305029,27,0,27
Q1305191,22,0,22
Q1305200,31,0,31
Q130521,4,0,4
Q130549,35,6,41
Q1305521,12,0,12
Q1305608,30,2,32
Q1305622,37,0,37
Q1305647,34,0,34
Q130582,5,0,5
Q130631,29,2,31
Q1306472,42,0,42
Q1306553,18,1,19
Q1306890,43,0,43
Q1307214,0,7,7
Q1307345,10,3,13
Q130742,110,5,115
Q130779,21,7,28
Q130799,26,2,28
Q1308,17,2,19
Q1308174,0,9,9
Q130838,16,5,21
Q130840,7,2,9
Q130857,4,37,41
Q130866,4,0,4
Q130871,2,9,11
Q1309,18,2,20
Q130965,12,11,23
Q130981,12,3,15
Q13099586,3,1,4
Q1310,14,4,18
Q131036,2,14,16
Q131062,2,2,4
Q131074,80,2,82
Q131075,1,13,14
Q13107770,0,20,20
Q1311379,10,0,10
Q131144,7,0,7
Q131149,43,5,48
Q13116,0,5,5
Q131183,1,1,2
Q131186,8,0,8
Q131206,5,0,5
Q131209,4,0,4
Q131215,4,0,4
Q131219,0,9,9
Q1312282,0,5,5
Q131239,1,5,6
Q131252,24,31,55
Q1312577,7,2,9
Q131262,22,2,24
Q131272,3,107,110
Q131277,7,2,9
Q131285,48,23,71
Q1312897,0,13,13
Q1313063,30,2,32
Q131320,9,2,11
Q131324,42,8,50
Q131332,17,5,22
Q1313325,0,5,5
Q131333,0,6,6
Q131335,10,1,11
Q131337,0,4,4
Q131339,0,6,6
Q131342,0,11,11
Q131347,8,2,10
Q131359,8,10,18
Q131364,6,2,8
Q131371,5,4,9
Q131378,148,45,193
Q13137940,0,5,5
Q131380,24,5,29
Q131390,33,0,33
Q1314113,0,10,10
Q1314180,6,0,6
Q131425,10,0,10
Q1314250,0,6,6
Q131433,67,1,68
Q131438,0,7,7
Q131439,8,6,14
Q131454,0,5,5
Q131491,14,8,22
Q131499,5,1,6
Q1315008,38,27,65
Q131512,3,10,13
Q131520,44,292,336
Q131524,0,87,87
Q131539,9,10,19
Q1315512,16,0,16
Q131578,3,12,15
Q131591,1,11,12
Q13160,10,1,11
Q13164,14,0,14
Q131647,1,13,14
Q1316544,0,38,38
Q131691,41,4,45
Q1317143,17,2,19
Q131725,37,2,39
Q131736,8,0,8
Q131742,13,4,17
Q1317534,2,0,2
Q131755,10,2,12
Q131758,131,3,134
Q131774,0,5,5
Q1317816,4,6,10
Q131785,9,1,10
Q131805,36,3,39
Q131814,58,2,60
Q1318318,3,0,3
Q1318423,13,1,14
Q131861,28,0,28
Q131866,0,8,8
Q13187,0,17,17
Q13188,0,20,20
Q13189,0,7,7
Q131908,7,2,9
Q1319095,0,8,8
Q1319495,0,6,6
Q1319539,20,10,30
Q1319610,5,1,6
Q131964,38,36,74
Q1319653,0,11,11
Q1319697,6,5,11
Q1319744,15,4,19
Q1319770,0,8,8
Q1319793,0,5,5
Q1319846,0,5,5
Q1319913,0,6,6
Q1320006,0,12,12
Q1320047,0,6,6
Q1320315,5,32,37
Q1320340,3,0,3
Q1320403,4,3,7
Q1320443,9,26,35
Q132050,4,2,6
Q1320640,0,7,7
Q1320761,0,8,8
Q1320883,3,7,10
Q1320939,0,7,7
Q1320997,33,1,34
Q1321,32,234,266
Q1321005,0,6,6
Q1321023,12,0,12
Q132112,0,13,13
Q13211738,1,7,8
Q13212489,0,40,40
Q13212595,0,9,9
Q1321265,8,4,12
Q1321371,6,0,6
Q1321379,7,6,13
Q1321503,24,0,24
Q1321565,3,0,3
Q1321622,44,0,44
Q13217186,0,10,10
Q1321770,3,0,3
Q13218,0,11,11
Q13218357,0,8,8
Q13218391,0,59,59
Q13218630,1,27,28
Q13218788,2,10,12
Q1321960,1,23,24
Q13219637,2,6,8
Q13219842,3,0,3
Q1321988,0,8,8
Q13220,1,4,5
Q132217,0,6,6
Q1322229,4,0,4
Q1322453,20,0,20
Q13226383,0,5,5
Q1322641,0,9,9
Q132265,3,1,4
Q1322660,0,5,5
Q13228657,2,0,2
Q1322906,23,0,23
Q1323029,11,1,12
Q132311,1,38,39
Q1323132,39,1,40
Q1323191,4,38,42
Q13233,2,2,4
Q132351,51,2,53
Q13235160,1,101,102
Q1323565,3,2,5
Q1323594,6,82,88
Q1323642,0,7,7
Q1323698,2,6,8
Q132430,13,8,21
Q132438,6,3,9
Q1324392,7,0,7
Q1324407,3,28,31
Q1324712,0,9,9
Q1325,36,1,37
Q132515,1,10,11
Q132524,40,0,40
Q132529,1,21,22
Q132533,1,12,13
Q132568,3,6,9
Q1325828,31,0,31
Q1325893,5,1,6
Q13260,0,7,7
Q1326026,33,0,33
Q1326154,3,2,5
Q132616,28,19,47
Q1326230,0,5,5
Q1326340,3,13,16
Q132664,1,14,15
Q13267,5,3,8
Q1326885,0,5,5
Q132689,50,1,51
Q1326975,16,1,17
Q132705,8,2,10
Q132720,0,6,6
Q1327329,2,19,21
Q132734,0,8,8
Q1327480,2,0,2
Q13275,0,7,7
Q1327500,4,8,12
Q1327994,4,1,5
Q1328038,5,0,5
Q132805,28,1,29
Q132821,10,3,13
Q1328249,0,4,4
Q132830,4,0,4
Q13284,0,6,6
Q1328508,0,13,13
Q1328605,3,5,8
Q132863,34,6,40
Q132880,5,0,5
Q132885,6,3,9
Q132893,7,3,10
Q1329269,6,2,8
Q1329368,3,0,3
Q132952,34,51,85
Q1329615,0,161,161
Q132971,4,0,4
Q13298,28,4,32
Q133032,22,1,23
Q1330417,5,6,11
Q133050,27,21,48
Q133054,27,1,28
Q1330714,0,6,6
Q133073,9,2,11
Q1330737,50,0,50
Q13310,0,5,5
Q133112,14,6,20
Q1331130,0,9,9
Q133116,14,14,28
Q1331248,0,5,5
Q1331280,9,0,9
Q133151,22,2,24
Q133163,4,40,44
Q1331793,0,8,8
Q133205,0,5,5
Q13321,0,5,5
Q1332263,42,0,42
Q133244,11,5,16
Q1332676,0,5,5
Q1332872,0,9,9
Q133313,25,13,38
Q133315,12,3,15
Q1333283,1,4,5
Q1333399,13,0,13
Q133356,25,16,41
Q1333606,0,6,6
Q1333734,13,0,13
Q1333793,0,6,6
Q1333798,1,3,4
Q1333848,18,0,18
Q13339,0,5,5
Q133405,21,8,29
Q1334052,0,11,11
Q1334284,0,13,13
Q1334295,19,2,21
Q133442,0,12,12
Q1334420,0,10,10
Q1334572,34,1,35
Q1334710,0,6,6
Q1334725,13,10,23
Q1334754,0,6,6
Q133481,0,13,13
Q1334819,0,6,6
Q1334830,11,9,20
Q133485,13,0,13
Q1334930,27,0,27
Q1335,14,2,16
Q1335105,0,7,7
Q13353,2,3,5
Q1335573,7,16,23
Q1335583,16,6,22
Q1335915,0,6,6
Q1335973,5,2,7
Q1336107,44,0,44
Q1336198,0,6,6
Q13362,21,2,23
Q133631,0,5,5
Q13364,21,3,24
Q1336515,19,1,20
Q133654,72,2,74
Q1336850,17,3,20
Q1336920,2,4,6
Q1337082,17,7,24
Q13371,35,112,147
Q1337159,0,7,7
Q13373,15,1,16
Q133730,35,9,44
Q13375,21,4,25
Q1337530,1,11,12
Q133754,0,12,12
Q1337556,5,0,5
Q13377517,1,5,6
Q1337779,21,0,21
Q1337818,3,29,32
Q1337827,0,8,8
Q1337925,13,0,13
Q1338008,30,1,31
Q1338153,0,6,6
Q13382533,1,7,8
Q133853,6,3,9
Q133857,4,3,7
Q1338610,13,2,15
Q1338873,6,2,8
Q1338877,5,1,6
Q1338916,5,1,6
Q1338927,5,1,6
Q1338928,5,1,6
Q1338932,5,0,5
Q1338977,6,0,6
Q1339,43,2,45
Q1339019,17,7,24
Q13391,5,0,5
Q1339121,1,0,1
Q1339305,7,0,7
Q13393265,0,39,39
Q1339523,43,0,43
Q1339527,8,0,8
Q1339570,12,0,12
Q1339625,0,8,8
Q1339626,9,6,15
Q1339864,0,17,17
Q13399160,0,5,5
Q1339924,0,5,5
Q1339951,23,7,30
Q13403364,2,3,5
Q13403877,0,6,6
Q1340514,3,0,3
Q1340574,10,6,16
Q1340698,10,0,10
Q13407191,8,0,8
Q134077,44,15,59
Q13409484,10,3,13
Q1341001,0,8,8
Q134102,0,49,49
Q13410400,0,5,5
Q13410403,0,7,7
Q13410422,0,18,18
Q13410428,0,5,5
Q13410454,0,8,8
Q13410464,0,11,11
Q13410485,0,12,12
Q13410496,0,12,12
Q1341051,0,28,28
Q1341193,0,7,7
Q134133,0,8,8
Q1341403,0,12,12
Q13414354,0,5,5
Q13414753,0,6,6
Q13414754,0,20,20
Q13414757,0,41,41
Q13414758,0,6,6
Q13414759,0,20,20
Q13414761,0,12,12
Q13414763,0,30,30
Q13414765,0,5,5
Q1341487,10,1,11
Q13414953,0,5,5
Q1341516,8,7,15
Q13415365,0,8,8
Q13415368,0,9,9
Q13415369,0,13,13
Q134161,0,36,36
Q1341644,12,1,13
Q13416804,14,13,27
Q1341761,0,8,8
Q134180,23,3,26
Q134183,37,1,38
Q134189,0,5,5
Q1342,22,54,76
Q134202,1,14,15
Q13422140,0,6,6
Q1342327,0,7,7
Q134233,25,12,37
Q13423511,0,5,5
Q1342372,3,22,25
Q134241,5,0,5
Q13426199,0,25,25
Q134262,38,2,40
Q1343007,0,18,18
Q134307,9,4,13
Q1343212,5,2,7
Q134333,29,8,37
Q1343857,0,5,5
Q134390,0,11,11
Q1344,13,43,56
Q1344063,20,0,20
Q1344080,6,1,7
Q1344131,24,0,24
Q1344174,0,7,7
Q1344183,3,12,15
Q1344190,17,0,17
Q134430,23,1,24
Q1344323,0,6,6
Q1344350,0,5,5
Q1344736,13,5,18
Q134479,16,0,16
Q13449461,0,5,5
Q1345,23,91,114
Q1345077,33,2,35
Q13452524,0,32,32
Q13452528,0,51,51
Q13452531,0,92,92
Q134541,12,5,17
Q134549,30,1,31
Q1345514,0,5,5
Q13455645,0,5,5
Q1345583,38,1,39
Q1345694,12,0,12
Q1345971,7,1,8
Q1346110,11,5,16
Q1346123,0,6,6
Q1346135,12,1,13
Q134626,0,19,19
Q134635,0,5,5
Q1346439,41,1,42
Q1346473,0,26,26
Q134658,22,4,26
Q1346696,14,7,21
Q134672,14,5,19
Q1347095,22,0,22
Q1347162,9,3,12
Q1347393,28,1,29
Q13474373,1,5,6
Q1347483,0,5,5
Q13476486,0,16,16
Q134773,91,4,95
Q134798,36,1,37
Q1347984,9,13,22
Q1348,16,19,35
Q1348264,8,14,22
Q1348378,0,10,10
Q1348423,30,1,31
Q134867,24,9,33
Q134895,52,12,64
Q134902,8,4,12
Q1349100,5,0,5
Q134916,16,2,18
Q134925,7,2,9
Q13494021,1,6,7
Q134942,28,1,29
Q1349456,21,4,25
Q1349627,7,0,7
Q134969,0,13,13
Q1350157,0,10,10
Q1350541,17,4,21
Q1350676,13,0,13
Q1351100,0,24,24
Q1351190,0,4,4
Q1351259,31,0,31
Q1351282,0,6,6
Q1351291,12,25,37
Q1351441,0,7,7
Q1351454,0,6,6
Q1351511,14,4,18
Q1351554,13,0,13
Q1351880,6,4,10
Q1351882,0,7,7
Q1351911,32,0,32
Q1352,15,24,39
Q1352101,6,1,7
Q135288,0,24,24
Q1353,37,17,54
Q135315,26,0,26
Q1353248,12,0,12
Q1353441,42,1,43
Q13539802,0,16,16
Q1354,16,4,20
Q1354081,18,11,29
Q1354109,37,1,38
Q1354162,28,0,28
Q1354565,0,5,5
Q135498,0,35,35
Q1355,17,7,24
Q1355172,51,0,51
Q135531,0,5,5
Q1355327,4,0,4
Q13553936,8,0,8
Q1355395,0,5,5
Q1355901,30,0,30
Q1356,50,6,56
Q135615,9,4,13
Q135637,3,0,3
Q1356395,28,0,28
Q1356410,39,0,39
Q1356427,20,12,32
Q1356690,14,3,17
Q1356738,0,6,6
Q1356753,26,0,26
Q1357016,38,0,38
Q13570226,0,5,5
Q135744,17,4,21
Q1357891,13,2,15
Q1357964,0,29,29
Q13580,0,5,5
Q1358042,0,9,9
Q1358344,3,6,9
Q1358555,8,1,9
Q1358639,3,53,56
Q13590141,0,22,22
Q1359089,4,2,6
Q1359405,11,4,15
Q13595311,0,37,37
Q13595531,0,33,33
Q1359938,0,7,7
Q1359957,0,9,9
Q1360124,23,0,23
Q1360303,19,3,22
Q1361,13,8,21
Q1361045,0,17,17
Q1361200,0,5,5
Q1361932,0,51,51
Q1362,9,2,11
Q136209,17,14,31
Q1362106,9,1,10
Q1362240,29,0,29
Q1362474,0,5,5
Q136264,26,0,26
Q1362723,3,6,9
Q13627677,5,0,5
Q1362864,0,5,5
Q13634258,0,5,5
Q13635451,0,7,7
Q13636514,8,3,11
Q1363692,26,0,26
Q1363700,0,6,6
Q1363770,11,0,11
Q1363909,11,0,11
Q1364029,29,1,30
Q1364076,36,1,37
Q136433,4,0,4
Q1364464,5,1,6
Q1364556,0,5,5
Q1364697,29,0,29
Q1364747,2,6,8
Q1364838,0,9,9
Q1364886,0,7,7
Q1365036,0,5,5
Q1365108,15,0,15
Q136538,6,1,7
Q1365614,6,2,8
Q136591,17,6,23
Q1365966,13,9,22
Q1366018,0,5,5
Q136605,26,0,26
Q1366112,0,68,68
Q136625,19,0,19
Q1366385,0,7,7
Q1366460,0,14,14
Q1366554,10,4,14
Q13666,15,0,15
Q1366768,0,5,5
Q136696,2,0,2
Q1367452,0,11,11
Q1367518,27,2,29
Q1367548,24,0,24
Q1367775,7,1,8
Q1367973,15,0,15
Q1367988,4,6,10
Q1368027,0,8,8
Q1368141,0,6,6
Q1368170,5,1,6
Q1368195,4,2,6
Q136822,0,11,11
Q1368300,16,4,20
Q136851,7,0,7
Q1368602,15,2,17
Q1368943,4,23,27
Q1368969,0,5,5
Q1369077,0,8,8
Q1369558,0,1,1
Q1369625,15,1,16
Q1369944,4,6,10
Q1370,60,62,122
Q1370195,12,3,15
Q1370207,4,13,17
Q1370251,9,0,9
Q1370292,0,5,5
Q1370297,10,15,25
Q137042,25,4,29
Q1370528,0,12,12
Q1370632,0,6,6
Q1370735,12,0,12
Q1370968,18,0,18
Q1371,26,9,35
Q1371037,0,7,7
Q1371229,0,6,6
Q1371345,3,0,3
Q1371682,0,18,18
Q1372180,0,7,7
Q1372187,0,9,9
Q1372513,16,2,18
Q1372770,10,5,15
Q1372953,0,14,14
Q1373024,15,0,15
Q1373335,0,9,9
Q1373347,25,1,26
Q1373377,10,3,13
Q1373450,0,12,12
Q1374243,18,2,20
Q1374339,0,24,24
Q1374481,23,6,29
Q1374692,0,8,8
Q1374731,4,2,6
Q1375077,4,0,4
Q1375196,5,6,11
Q1375689,0,7,7
Q1375823,0,8,8
Q137595,36,0,36
Q1376074,14,0,14
Q1376304,0,7,7
Q1376480,0,10,10
Q1376925,0,6,6
Q1376987,8,4,12
Q1377182,2,30,32
Q1377218,1,5,6
Q1377311,0,11,11
Q1377445,1,0,1
Q1377612,0,14,14
Q1377683,0,5,5
Q1377733,0,43,43
Q1377736,2,36,38
Q1377738,21,70,91
Q1377752,0,9,9
Q1377753,0,31,31
Q1377755,0,40,40
Q1377771,0,12,12
Q1377772,0,83,83
Q1377773,0,28,28
Q1377777,0,39,39
Q1377793,0,6,6
Q1377797,0,7,7
Q137800,29,0,29
Q13780930,0,22,22
Q1378118,15,7,22
Q1378320,14,1,15
Q1378351,0,5,5
Q13786,4,1,5
Q1378692,10,0,10
Q1378776,2,0,2
Q1378803,0,7,7
Q1379022,0,5,5
Q1379066,1,4,5
Q137916,7,6,13
Q1379415,5,1,6
Q1379613,8,4,12
Q1379621,5,0,5
Q1379924,2,1,3
Q1379958,0,6,6
Q1379980,21,7,28
Q1380,0,13,13
Q138005,23,17,40
Q138089,5,1,6
Q1380910,0,8,8
Q138107,4,0,4
Q138141,9,3,12
Q1382548,5,7,12
Q138311,8,6,14
Q1383270,29,0,29
Q138338,9,7,16
Q138345,6,5,11
Q138367,8,6,14
Q138391,11,11,22
Q1384,84,112,196
Q1384181,21,10,31
Q138458,8,3,11
Q1384661,13,3,16
Q1384822,15,1,16
Q138518,11,14,25
Q1385214,5,10,15
Q1385301,2,0,2
Q1385337,0,8,8
Q1385612,0,6,6
Q138576,29,2,31
Q1385774,29,1,30
Q138578,12,8,20
Q1386741,0,8,8
Q1387,21,7,28
Q13870,1,0,1
Q1387050,7,2,9
Q13871,4,0,4
Q1387383,0,8,8
Q1387430,0,7,7
Q1387617,13,3,16
Q1387724,14,0,14
Q1387747,0,6,6
Q1387756,0,5,5
Q1388076,0,10,10
Q1388111,11,7,18
Q1388258,0,5,5
Q138858,1,5,6
Q1388748,11,0,11
Q1388769,0,5,5
Q1388807,0,8,8
Q1388853,0,5,5
Q13894,32,3,35
Q1389759,0,5,5
Q138996,0,15,15
Q1390515,0,5,5
Q13909,63,19,82
Q1391,46,34,80
Q1391329,9,0,9
Q1391336,3,4,7
Q13917,0,10,10
Q13917296,0,5,5
Q139184,7,70,77
Q1392321,8,12,20
Q13924,22,2,24
Q139258,23,0,23
Q1392581,0,5,5
Q1393,23,13,36
Q139319,1,20,21
Q139325,13,10,23
Q139326,33,2,35
Q1393265,8,1,9
Q139330,24,5,29
Q1393301,6,1,7
Q139341,0,11,11
Q13938,11,0,11
Q1394,1,7,8
Q139460,37,0,37
Q13947,0,5,5
Q139473,10,0,10
Q1394940,0,5,5
Q1394956,21,9,30
Q13950,16,5,21
Q1395104,16,3,19
Q1395333,0,9,9
Q1395430,13,0,13
Q13955,49,87,136
Q139564,7,4,11
Q1395654,0,6,6
Q1395905,11,1,12
Q139642,13,8,21
Q1396531,11,2,13
Q1396699,0,5,5
Q1397,54,40,94
Q13972,25,1,26
Q13973,10,0,10
Q13974,14,50,64
Q13979,47,1,48
Q1397901,5,2,7
Q1397914,2,3,5
Q1398,0,6,6
Q13987,7,1,8
Q13989,5,1,6
Q139890,0,10,10
Q139901,8,0,8
Q139927,31,0,31
Q1399299,6,2,8
Q1400,69,76,145
Q140075,5,1,6
Q1401104,1,6,7
Q1401416,0,50,50
Q1401524,5,0,5
Q140181,0,5,5
Q1401974,0,4,4
Q140201,19,7,26
Q1402435,4,4,8
Q1402561,0,8,8
Q1404101,5,1,6
Q1404450,6,2,8
Q14045,30,2,32
Q1405,27,5,32
Q1405126,38,2,40
Q1406,13,6,19
Q14060,17,5,22
Q140686,0,12,12
Q1407228,0,21,21
Q1408,44,142,186
Q1408498,6,0,6
Q1409165,22,0,22
Q1409480,14,0,14
Q1410,24,10,34
Q14103,10,3,13
Q1411093,8,2,10
Q14112,16,1,17
Q1411222,18,0,18
Q14116,44,1,45
Q1412,12,15,27
Q1412037,42,0,42
Q14132,6,0,6
Q1413227,22,0,22
Q1413558,7,2,9
Q141359,39,2,41
Q1413685,3,3,6
Q1413741,38,22,60
Q1414326,2,15,17
Q1414443,0,11,11
Q1414482,24,15,39
Q1414514,0,4,4
Q1414525,4,9,13
Q1414533,25,9,34
Q1414539,0,2,2
Q1414577,0,12,12
Q141459,0,6,6
Q1414861,12,4,16
Q1414932,1,5,6
Q1415,32,13,45
Q1415017,0,94,94
Q1415090,1,182,183
Q1415395,0,35,35
Q1416835,2,3,5
Q141688,146,23,169
Q1416899,3,9,12
Q141720,0,8,8
Q1417287,3,0,3
Q1418,17,2,19
Q1418009,0,9,9
Q141810,5,2,7
Q141817,6,17,23
Q141844,5,2,7
Q14185,0,13,13
Q141882,13,0,13
Q14192383,0,6,6
Q141931,4,1,5
Q1419495,49,16,65
Q14196,11,14,25
Q141971,5,0,5
Q1419737,10,20,30
Q1419797,29,0,29
Q1419872,0,5,5
Q1419938,0,5,5
Q142,148,457,605
Q1420,4,11,15
Q1420038,26,0,26
Q142005,6,0,6
Q1420205,0,6,6
Q1420239,20,7,27
Q1420500,11,0,11
Q1420651,44,0,44
Q1420891,4,51,55
Q14211,6,7,13
Q14212,5,3,8
Q14213,4,12,16
Q1421355,30,0,30
Q1421593,42,0,42
Q1421616,15,2,17
Q1421666,4,71,75
Q1422,11,2,13
Q1422017,35,0,35
Q1422140,3,41,44
Q1422237,11,0,11
Q1422458,13,0,13
Q1422824,34,0,34
Q142292,63,0,63
Q1422929,0,9,9
Q1423160,0,5,5
Q142349,5,1,6
Q1423667,27,0,27
Q142369,9,7,16
Q1423695,34,0,34
Q1423756,14,2,16
Q1423789,6,0,6
Q1423795,25,0,25
Q142392,6,12,18
Q1423971,34,1,35
Q1424066,23,0,23
Q14240916,0,5,5
Q1424258,38,1,39
Q1424720,0,5,5
Q1424825,31,0,31
Q1425151,3,11,14
Q1425428,19,6,25
Q142555,3,0,3
Q1425661,5,0,5
Q1426,22,1,23
Q1426204,0,5,5
Q142636,9,4,13
Q1426464,8,5,13
Q1426821,2,1,3
Q142695,11,0,11
Q142701,34,7,41
Q142714,4,0,4
Q1427252,28,0,28
Q142740,8,0,8
Q142794,20,0,20
Q1428,32,44,76
Q142811,11,3,14
Q1428637,5,5,10
Q1428750,12,0,12
Q143,0,5,5
Q1430048,13,2,15
Q1430165,0,5,5
Q1430587,4,0,4
Q14313,39,2,41
Q14320,38,0,38
Q1432195,3,1,4
Q143223,8,2,10
Q143230,15,1,16
Q14326055,0,5,5
Q1432632,10,2,12
Q1432645,6,10,16
Q1433443,0,7,7
Q143369,0,5,5
Q1433745,6,1,7
Q143405,6,1,7
Q143451,17,1,18
Q1434547,15,0,15
Q1435,19,5,24
Q1435509,3,1,4
Q1435633,0,1,1
Q1435635,0,1,1
Q1435969,5,0,5
Q1436734,2,1,3
Q1437,25,9,34
Q1437214,3,74,77
Q1438,15,3,18
Q1438735,3,0,3
Q1438833,16,0,16
Q1439,45,76,121
Q1439280,2,0,2
Q1439629,10,3,13
Q144,12,5,17
Q1440172,0,5,5
Q1440873,0,63,63
Q1441305,0,14,14
Q1441539,0,18,18
Q1441572,0,11,11
Q1441582,0,9,9
Q1441669,0,10,10
Q1441676,0,8,8
Q144190,4,0,4
Q1441929,0,13,13
Q14420,0,18,18
Q1442301,0,5,5
Q1442364,16,0,16
Q14428,8,2,10
Q1442862,3,0,3
Q1443,0,5,5
Q1443070,0,4,4
Q1443316,2,1,3
Q14437399,3,1,4
Q1444,0,36,36
Q14441,46,5,51
Q144412,0,12,12
Q144483,32,1,33
Q144488,12,1,13
Q1445,22,9,31
Q1445521,8,112,120
Q1446181,6,8,14
Q144622,64,1,65
Q144643,0,8,8
Q14467526,1,14,15
Q14467705,0,6,6
Q1447,18,4,22
Q1447126,0,9,9
Q144756,18,1,19
Q1449,22,5,27
Q1449248,22,1,23
Q1449316,2,1,3
Q144940,0,7,7
Q1449586,0,15,15
Q145,116,1998,2114
Q1450,37,1,38
Q145132,19,1,20
Q1451412,0,5,5
Q1452,9,5,14
Q145245,12,0,12
Q1452569,15,4,19
Q1452656,23,0,23
Q1452873,0,8,8
Q14535,14,6,20
Q1453512,0,5,5
Q14536,15,4,19
Q1453643,5,117,122
Q14537,33,12,45
Q14539,17,4,21
Q14539884,0,12,12
Q14539974,0,21,21
Q1454,38,40,78
Q14540,31,10,41
Q14542,15,7,22
Q14549,11,10,21
Q1455,0,8,8
Q1456,29,29,58
Q14565331,1,8,9
Q1457,5,0,5
Q1457145,2,0,2
Q145752,3,19,22
Q1458,9,2,11
Q145806,4,1,5
Q1458113,15,1,16
Q1458155,3,0,3
Q145930,0,10,10
Q1459443,0,18,18
Q1459900,0,9,9
Q146,0,5,5
Q1460,0,13,13
Q146025,0,11,11
Q1461,23,5,28
Q146165,0,6,6
Q1461985,0,11,11
Q1462,15,2,17
Q146212,0,21,21
Q14623005,0,5,5
Q146246,0,5,5
Q14625016,1,0,1
Q1462630,29,0,29
Q146281,1,4,5
Q1462822,30,0,30
Q1462878,0,13,13
Q1462918,0,5,5
Q1463450,6,1,7
Q1463716,0,11,11
Q1463985,3,5,8
Q1464230,36,0,36
Q146444,0,2,2
Q14646,10,1,11
Q1464670,0,6,6
Q14647,10,4,14
Q1465181,0,9,9
Q1465214,0,5,5
Q1465235,0,7,7
Q1465252,5,1,6
Q1465651,6,0,6
Q1465984,0,5,5
Q1466001,13,5,18
Q146673,45,2,47
Q146690,5,2,7
Q1467,4,1,5
Q1467106,4,0,4
Q1467214,30,0,30
Q1467287,0,31,31
Q1467554,3,2,5
Q1467607,11,0,11
Q146766,0,5,5
Q1467758,4,0,4
Q1468260,0,16,16
Q1468277,0,26,26
Q14683182,0,7,7
Q1468607,7,2,9
Q146929,16,1,17
Q1469426,28,1,29
Q1470264,4,2,6
Q1470333,0,7,7
Q14705795,0,22,22
Q14707097,0,5,5
Q1470767,37,0,37
Q147077,29,13,42
Q1471357,6,1,7
Q1471965,17,0,17
Q1472,12,2,14
Q1472235,3,47,50
Q1472266,2,0,2
Q1472347,8,5,13
Q147235,160,2,162
Q1472358,17,12,29
Q1472663,14,0,14
Q1473065,10,31,41
Q147318,0,5,5
Q1473615,9,4,13
Q1473780,2,2,4
Q1473804,44,1,45
Q147395,14,6,20
Q1474005,5,0,5
Q1474019,10,2,12
Q1474092,3,0,3
Q1474100,12,0,12
Q1474105,6,2,8
Q1474129,11,2,13
Q1474157,6,2,8
Q1474263,24,0,24
Q1474410,6,66,72
Q1474509,4,0,4
Q1474597,0,1,1
Q1474606,6,1,7
Q1474823,9,0,9
Q1475,5,4,9
Q1475020,9,1,10
Q1475413,8,0,8
Q1475611,36,0,36
Q1475707,0,6,6
Q1476215,1,15,16
Q1476230,8,1,9
Q14762300,0,13,13
Q1476484,18,1,19
Q14770218,0,6,6
Q1477177,1,14,15
Q14773,38,5,43
Q147778,7,11,18
Q1478089,6,15,21
Q1478420,0,9,9
Q14784328,0,7,7
Q1479,15,5,20
Q147909,21,7,28
Q14798167,12,1,13
Q1479869,13,0,13
Q148,136,148,284
Q1480166,0,52,52
Q1480421,6,0,6
Q1480617,47,0,47
Q1480793,0,46,46
Q1480896,0,10,10
Q1480914,0,5,5
Q1480985,3,0,3
Q1481050,11,0,11
Q1481140,5,1,6
Q1481423,11,0,11
Q1481540,33,0,33
Q1481820,7,1,8
Q148204,46,0,46
Q14821,18,0,18
Q148234,27,5,32
Q148349,6,1,7
Q14848728,6,0,6
Q1485,10,3,13
Q1485801,0,10,10
Q1486,22,19,41
Q148609,3,0,3
Q14861534,0,5,5
Q14865244,0,4,4
Q148669,23,0,23
Q148675,0,5,5
Q148732,24,8,32
Q1489,24,13,37
Q148995,0,7,7
Q1490,35,70,105
Q14900501,0,5,5
Q14906020,0,7,7
Q149086,3,5,8
Q14915627,0,25,25
Q14915990,8,0,8
Q1492,19,15,34
Q149260,0,5,5
Q14931511,1,5,6
Q1494,25,13,38
Q149431,25,0,25
Q1494434,2,0,2
Q14947418,0,5,5
Q1494959,8,0,8
Q14960,21,2,23
Q1497,16,1,17
Q1497364,0,8,8
Q149789,0,13,13
Q1498,33,3,36
Q1498002,0,6,6
Q1498059,0,7,7
Q149871,0,5,5
Q1499,10,5,15
Q149947,9,1,10
Q149990,21,4,25
Q15,23,102,125
Q150,57,419,476
Q1500095,25,0,25
Q1500364,3,4,7
Q1500510,7,0,7
Q150064,0,13,13
Q150093,0,5,5
Q1501797,2,0,2
Q1502249,0,12,12
Q150229,4,10,14
Q1502946,0,8,8
Q1503081,6,0,6
Q1503700,25,0,25
Q1503878,27,0,27
Q15042072,0,9,9
Q15046323,0,5,5
Q150482,18,22,40
Q1504968,0,6,6
Q15049903,0,5,5
Q1505,19,2,21
Q15053704,1,11,12
Q15056034,0,22,22
Q15058013,2,0,2
Q1505923,38,0,38
Q15060255,0,5,5
Q1506057,30,0,30
Q15063586,0,6,6
Q15063611,0,24,24
Q150651,33,17,50
Q1506831,31,1,32
Q1506909,0,7,7
Q150701,10,9,19
Q1507298,0,5,5
Q1507653,16,0,16
Q150767,32,0,32
Q15077007,0,38,38
Q15078788,5,7,12
Q15079,38,3,41
Q1508,5,1,6
Q150804,57,0,57
Q1508079,0,7,7
Q1508118,9,0,9
Q150827,0,5,5
Q150851,44,3,47
Q15087,0,6,6
Q15089,0,7,7
Q1509,26,33,59
Q150903,0,10,10
Q15091,8,2,10
Q150916,33,4,37
Q1509333,16,2,18
Q15094037,1,8,9
Q150943,25,29,54
Q150981,0,7,7
Q150991,0,8,8
Q151012,13,8,21
Q15104,0,6,6
Q151048,0,5,5
Q1510826,6,1,7
Q151092,2,1,3
Q1511,47,3,50
Q1511182,15,0,15
Q151168,0,10,10
Q15117228,0,6,6
Q15119,11,2,13
Q1512,36,6,42
Q15121,8,2,10
Q1512150,0,6,6
Q15123,7,2,9
Q151231,27,1,28
Q15124,15,0,15
Q15127012,0,8,8
Q151290,2,3,5
Q1513,13,1,14
Q1513206,0,10,10
Q1513322,13,3,16
Q1513377,4,2,6
Q151340,7,12,19
Q15136,5,2,7
Q1514,30,1,31
Q15142,22,10,32
Q1514249,0,3,3
Q1514334,0,6,6
Q1514469,15,0,15
Q1514848,20,0,20
Q1514878,0,8,8
Q15149663,0,7,7
Q1515,9,2,11
Q1515048,10,0,10
Q151510,27,7,34
Q1515757,3,0,3
Q1515763,11,0,11
Q151599,23,1,24
Q1516164,22,0,22
Q151624,0,14,14
Q1516431,36,0,36
Q1516453,1,0,1
Q1516684,13,1,14
Q1516734,15,6,21
Q1516833,8,0,8
Q1517021,13,0,13
Q1517187,0,10,10
Q151720,0,4,4
Q15175,21,10,31
Q15176,0,7,7
Q1517792,0,5,5
Q15180,59,92,151
Q1518105,0,9,9
Q151814,32,1,33
Q151820,0,5,5
Q1518310,6,1,7
Q1518357,5,1,6
Q1518434,3,0,3
Q1518589,46,0,46
Q151870,47,0,47
Q1518804,11,0,11
Q1518953,2,5,7
Q151898,26,0,26
Q151903,29,0,29
Q151904,67,0,67
Q1519107,2,3,5
Q151935,22,4,26
Q151945,28,0,28
Q151973,27,9,36
Q151991,0,14,14
Q1520004,3,3,6
Q152002,6,1,7
Q1520129,9,1,10
Q1520223,0,10,10
Q152025,32,2,34
Q1520271,8,0,8
Q152043,45,1,46
Q152079,4,1,5
Q152082,0,6,6
Q152087,28,9,37
Q15210668,0,12,12
Q152165,19,10,29
Q152171,22,2,24
Q1521725,16,7,23
Q152178,39,6,45
Q1522,24,70,94
Q15221310,0,7,7
Q152218,7,2,9
Q152234,0,6,6
Q15226213,0,6,6
Q15228,9,3,12
Q152283,1,5,6
Q15229229,0,11,11
Q152309,0,5,5
Q15231472,0,6,6
Q152337,0,5,5
Q15238777,0,38,38
Q152388,40,0,40
Q15239622,0,7,7
Q1524,32,13,45
Q1524124,7,15,22
Q1524278,0,5,5
Q152433,19,2,21
Q15244715,0,7,7
Q15244968,0,6,6
Q1524530,0,6,6
Q152456,62,1,63
Q15248261,0,6,6
Q152493,32,1,33
Q152499,6,3,9
Q15250015,0,5,5
Q152505,47,1,48
Q1525083,26,0,26
Q15251214,0,6,6
Q15251905,0,6,6
Q152531,53,0,53
Q15253558,0,21,21
Q152542,0,8,8
Q152559,0,10,10
Q15257,18,0,18
Q1526143,17,0,17
Q15265344,0,6,6
Q1526814,3,0,3
Q1527,44,21,65
Q15271633,0,6,6
Q1527196,0,5,5
Q1527242,0,8,8
Q15274445,0,5,5
Q1527520,2,0,2
Q152768,36,0,36
Q152772,2,0,2
Q152773,0,6,6
Q152780,46,2,48
Q15278101,0,11,11
Q15278107,0,15,15
Q15278116,0,25,25
Q1528106,0,7,7
Q152838,0,9,9
Q15284,0,6,6
Q152843,24,2,26
Q152857,40,0,40
Q15288220,0,7,7
Q152891,6,4,10
Q152929,34,6,40
Q15295720,0,14,14
Q15296811,0,15,15
Q152989,6,5,11
Q1530,21,1,22
Q153006,18,0,18
Q153015,2,10,12
Q153018,32,6,38
Q15303838,0,5,5
Q1530455,4,5,9
Q153056,8,3,11
Q1530721,16,0,16
Q153136,8,15,23
Q153172,35,1,36
Q15322955,0,6,6
Q1532392,27,0,27
Q15324181,0,7,7
Q15326,13,23,36
Q153265,22,4,26
Q1533,12,1,13
Q15330218,0,5,5
Q153332,0,7,7
Q1534190,0,5,5
Q153468,0,6,6
Q153481,13,0,13
Q153484,34,2,36
Q1534906,0,22,22
Q1534911,0,13,13
Q1534980,3,1,4
Q1535128,0,25,25
Q1535133,4,9,13
Q1535145,4,31,35
Q1535153,3,53,56
Q1535251,22,0,22
Q153529,0,6,6
Q153535,6,0,6
Q15357321,0,5,5
Q15357612,0,5,5
Q1535788,5,1,6
Q153579,46,2,48
Q1535860,0,8,8
Q1536003,5,21,26
Q15360147,0,6,6
Q153616,7,0,7
Q1536258,15,11,26
Q153626,7,0,7
Q153647,7,1,8
Q1536722,30,1,31
Q15367240,0,8,8
Q1537,30,30,60
Q153723,66,0,66
Q15372748,0,9,9
Q1537303,8,1,9
Q15376641,0,7,7
Q15376855,0,5,5
Q1537759,11,4,15
Q1537996,7,28,35
Q1538,13,5,18
Q1538082,23,1,24
Q15386689,0,5,5
Q1538804,29,0,29
Q153882,30,0,30
Q1539062,38,0,38
Q153987,16,9,25
Q15399126,0,6,6
Q15401777,0,5,5
Q1540185,2,1,3
Q154053,6,0,6
Q1540553,4,0,4
Q15406405,1,16,17
Q154077,44,2,46
Q1541,0,5,5
Q1541206,0,6,6
Q154136,0,7,7
Q1541450,0,8,8
Q15416,8,18,26
Q154182,2,6,8
Q154195,0,12,12
Q1542119,8,16,24
Q1542129,20,9,29
Q1542130,4,3,7
Q1542147,5,5,10
Q1542148,4,11,15
Q154216,28,0,28
Q1542160,5,9,14
Q1542163,0,14,14
Q1542169,4,1,5
Q1542172,6,20,26
Q1542180,4,0,4
Q1542186,4,8,12
Q1542199,5,9,14
Q1542205,5,15,20
Q1542213,4,49,53
Q1542296,4,0,4
Q1542306,4,1,5
Q1542308,5,1,6
Q1542319,5,1,6
Q1542326,9,1,10
Q1542327,5,2,7
Q1542330,5,1,6
Q1542334,8,1,9
Q1542342,5,2,7
Q1542343,2,14,16
Q1542347,0,13,13
Q1542352,3,4,7
Q1542521,0,8,8
Q154293,5,0,5
Q1543,7,4,11
Q1543268,2,13,15
Q1543426,0,7,7
Q1543439,35,0,35
Q1543744,3,0,3
Q15437918,0,11,11
Q15438531,0,11,11
Q154401,5,3,8
Q1544011,0,16,16
Q154421,33,7,40
Q154454,15,8,23
Q15448576,0,6,6
Q1544869,6,0,6
Q154490,0,6,6
Q1544904,17,4,21
Q1545,38,5,43
Q15451691,0,6,6
Q154519,18,2,20
Q1545340,21,2,23
Q1545414,0,7,7
Q154549,0,2,2
Q15455603,0,5,5
Q154561,18,6,24
Q1545713,3,1,4
Q154581,58,1,59
Q15458711,0,5,5
Q154590,3,40,43
Q1546,39,12,51
Q1546001,8,1,9
Q1546066,4,1,5
Q154611,1,5,6
Q1546191,14,4,18
Q1546270,0,5,5
Q154690,0,6,6
Q154697,3,7,10
Q154720,1,7,8
Q1547289,0,7,7
Q15473105,0,6,6
Q154741,1,4,5
Q1547546,0,39,39
Q154756,28,3,31
Q154770,32,2,34
Q15477956,0,19,19
Q154804,16,7,23
Q15483637,0,5,5
Q154849,0,4,4
Q1548492,0,8,8
Q1548644,6,0,6
Q154874,22,0,22
Q154935,24,0,24
Q154958,4,11,15
Q1549591,0,595,595
Q1549932,7,1,8
Q155,80,51,131
Q15500559,0,5,5
Q155018,36,0,36
Q155079,32,3,35
Q155124,14,7,21
Q155144,0,3,3
Q155152,11,46,57
Q155163,37,0,37
Q15517762,0,6,6
Q155186,6,0,6
Q1551917,12,7,19
Q1552010,5,1,6
Q155218,5,0,5
Q15523,0,10,10
Q1553,29,11,40
Q15531243,0,6,6
Q1553186,6,0,6
Q15534070,0,6,6
Q155354,12,3,15
Q155378,13,8,21
Q155412,30,0,30
Q1554228,0,4,4
Q155423,0,5,5
Q15543007,0,8,8
Q15546241,0,6,6
Q1554656,0,5,5
Q15548976,0,5,5
Q1555,10,3,13
Q15552436,0,5,5
Q155559,36,0,36
Q155629,40,3,43
Q15563363,0,6,6
Q155647,2,4,6
Q155653,35,3,38
Q15568,14,2,16
Q155700,28,3,31
Q155723,0,6,6
Q155730,5,0,5
Q1557308,23,2,25
Q15573161,0,5,5
Q15574,15,1,16
Q155753,31,0,31
Q155775,19,9,28
Q15577766,0,6,6
Q15577973,0,12,12
Q15578700,0,6,6
Q15578898,0,12,12
Q15579419,0,6,6
Q1558,30,22,52
Q155805,7,0,7
Q15584338,0,5,5
Q15587848,0,5,5
Q155879,18,0,18
Q15595481,0,5,5
Q1559701,0,19,19
Q15601159,0,6,6
Q156031,0,5,5
Q156035,0,8,8
Q15606369,0,5,5
Q156069,36,0,36
Q156106,0,7,7
Q156111,1,4,5
Q15615,25,0,25
Q156156,9,3,12
Q156163,4,1,5
Q156177,0,5,5
Q156181,7,3,10
Q156188,0,5,5
Q156191,6,2,8
Q156193,47,0,47
Q156199,11,8,19
Q156213,4,1,5
Q15622197,1,4,5
Q156257,9,3,12
Q15627169,0,22,22
Q15628644,0,3,3
Q156287,7,2,9
Q156291,7,5,12
Q156297,7,2,9
Q1563,14,13,27
Q156300,22,4,26
Q15630234,0,5,5
Q156305,17,5,22
Q156306,3,1,4
Q156309,35,0,35
Q15631401,0,16,16
Q15632482,0,5,5
Q15632547,0,5,5
Q156342,6,2,8
Q156346,9,2,11
Q156350,10,2,12
Q156353,5,6,11
Q156358,0,6,6
Q156361,4,4,8
Q156366,8,2,10
Q1563710,8,0,8
Q15637293,0,11,11
Q15637299,0,9,9
Q15637301,0,12,12
Q15637310,0,8,8
Q156374,9,4,13
Q156385,2,3,5
Q156401,26,0,26
Q156459,7,4,11
Q15646111,0,8,8
Q1564667,0,5,5
Q156478,0,16,16
Q15650834,0,6,6
Q156519,57,0,57
Q156532,22,6,28
Q156552,26,8,34
Q156566,11,3,14
Q156597,45,0,45
Q156598,18,4,22
Q156608,47,1,48
Q15661340,0,6,6
Q156623,7,3,10
Q156629,9,2,11
Q1566335,25,1,26
Q156635,0,9,9
Q15665021,0,11,11
Q156687,0,11,11
Q1567032,3,0,3
Q156725,18,1,19
Q156737,18,0,18
Q15674,9,3,12
Q1567748,9,4,13
Q156796,19,10,29
Q1568,23,156,179
Q156831,0,5,5
Q156835,0,6,6
Q156839,1,2,3
Q156843,0,11,11
Q156872,0,5,5
Q1568835,16,1,17
Q156901,0,6,6
Q15692068,0,8,8
Q1569216,16,0,16
Q1569495,8,2,10
Q15695313,0,6,6
Q156969,0,17,17
Q1569923,33,0,33
Q15700818,0,22,22
Q15701,9,4,13
Q157041,12,2,14
Q157044,60,0,60
Q1570468,7,1,8
Q157070,2,4,6
Q1571,13,18,31
Q15712918,0,12,12
Q15712927,0,6,6
Q157148,4,1,5
Q15715257,0,5,5
Q1571938,0,14,14
Q157217,6,0,6
Q157256,19,0,19
Q1572845,0,10,10
Q157297,0,11,11
Q15731702,0,7,7
Q15734684,0,10,10
Q157352,7,0,7
Q157353,0,5,5
Q1573631,2,1,3
Q157367,1,9,10
Q157376,6,2,8
Q157394,0,267,267
Q1574185,7,0,7
Q1574424,5,3,8
Q157443,0,392,392
Q157508,0,6,6
Q15755,4,1,5
Q157575,11,2,13
Q157650,0,7,7
Q157663,0,7,7
Q1576873,0,6,6
Q157755,0,7,7
Q157756,0,5,5
Q157763,0,5,5
Q15777,0,12,12
Q157803,9,2,11
Q157808,24,1,25
Q157819,0,10,10
Q15782002,0,5,5
Q15786,7,1,8
Q157879,52,0,52
Q15789,11,3,14
Q157922,0,6,6
Q15793680,0,5,5
Q15794136,0,5,5
Q1579424,0,10,10
Q157969,0,8,8
Q157980,0,5,5
Q1579809,0,9,9
Q158008,0,8,8
Q158015,0,9,9
Q158023,42,0,42
Q15804,7,1,8
Q1581,1,27,28
Q158112,0,5,5
Q158121,5,0,5
Q158136,0,5,5
Q1581457,0,8,8
Q158175,29,0,29
Q158214,11,1,12
Q158233,15,2,17
Q158250,35,7,42
Q158266,6,2,8
Q1582860,31,0,31
Q1582879,1,1,2
Q158289,0,11,11
Q1582967,1,4,5
Q1583249,1,32,33
Q158348,48,0,48
Q15836744,0,6,6
Q1583807,0,9,9
Q158383,0,8,8
Q15839299,0,5,5
Q158398,24,0,24
Q1584317,18,19,37
Q158474,31,0,31
Q1584748,0,10,10
Q15854232,0,5,5
Q15855449,0,7,7
Q1585857,9,0,9
Q15862,33,9,42
Q15864,0,6,6
Q15869,47,3,50
Q158695,0,16,16
Q158711,0,12,12
Q15873,44,1,45
Q158745,13,1,14
Q158759,34,0,34
Q15878,10,2,12
Q1588,27,20,47
Q15880,28,1,29
Q1588017,4,1,5
Q158852,1,108,109
Q158861,26,0,26
Q158867,8,1,9
Q158886,5,5,10
Q1589009,0,26,26
Q158957,28,3,31
Q15897,39,0,39
Q159,94,87,181
Q159002,0,5,5
Q159054,45,0,45
Q1590605,0,10,10
Q159063,78,0,78
Q159094,0,6,6
Q159115,0,5,5
Q159166,18,1,19
Q159181,1,8,9
Q159191,0,9,9
Q15919390,0,9,9
Q15920,16,11,27
Q1592074,14,1,15
Q159232,8,5,13
Q159260,11,4,15
Q159288,8,19,27
Q159294,0,6,6
Q1593157,0,5,5
Q159347,18,2,20
Q15935,51,3,54
Q159354,4,4,8
Q15936437,0,57,57
Q159438,0,5,5
Q15944511,1,55,56
Q159464,0,5,5
Q15949613,0,20,20
Q159577,20,5,25
Q15958642,0,5,5
Q15961983,0,7,7
Q15961987,0,15,15
Q159638,38,0,38
Q15964890,1,2,3
Q159659,0,7,7
Q159661,0,18,18
Q159702,0,6,6
Q159729,5,3,8
Q159736,0,7,7
Q159753,0,10,10
Q159770,0,6,6
Q159778,27,17,44
Q15978337,0,5,5
Q15978631,0,35,35
Q15980158,0,14,14
Q15981151,1,98,99
Q159821,0,28,28
Q15982858,1,6,7
Q159846,14,288,302
Q159870,36,0,36
Q15987216,0,28,28
Q15987302,0,6,6
Q15987490,0,159,159
Q159893,5,1,6
Q159936,5,0,5
Q159998,8,2,10
Q16,133,495,628
Q160009,44,5,49
Q160060,64,3,67
Q160071,37,1,38
Q160082,8,14,22
Q160112,6,0,6
Q160114,0,7,7
Q16011749,0,11,11
Q160215,47,1,48
Q160236,11,1,12
Q1603,25,17,42
Q160302,21,10,31
Q16031530,0,9,9
Q160392,10,7,17
Q160432,24,24,48
Q160493,10,2,12
Q160528,37,9,46
Q160534,21,3,24
Q160560,38,1,39
Q160575,0,9,9
Q1605791,5,0,5
Q16058281,0,5,5
Q160618,57,1,58
Q16064063,0,5,5
Q160642,13,3,16
Q1606591,3,3,6
Q160678,0,5,5
Q1606794,9,1,10
Q16068,0,5,5
Q160726,42,20,62
Q1607826,0,17,17
Q160793,25,0,25
Q160813,1,12,13
Q16082057,0,785,785
Q160826,21,0,21
Q160894,15,5,20
Q1609199,17,0,17
Q1610024,10,0,10
Q161034,5,0,5
Q161036,1,4,5
Q16106999,0,5,5
Q161087,59,0,59
Q161093,0,17,17
Q161098,0,12,12
Q16110,0,15,15
Q1611073,0,5,5
Q161117,0,8,8
Q1611265,0,7,7
Q161159,0,6,6
Q1612,26,13,39
Q1612623,6,3,9
Q161337,5,1,6
Q161345,5,1,6
Q161372,0,7,7
Q161376,8,0,8
Q161400,35,1,36
Q161426,0,22,22
Q16144,10,2,12
Q16144339,0,7,7
Q16144824,0,5,5
Q16145150,0,22,22
Q16146879,0,4,4
Q16149,7,0,7
Q161491,9,11,20
Q161508,0,5,5
Q16153104,0,9,9
Q1615483,4,0,4
Q161549,0,6,6
Q161562,16,10,26
Q161565,0,12,12
Q1615742,0,15,15
Q1616075,1,21,22
Q16161,10,2,12
Q1616499,5,1,6
Q161652,6,11,17
Q1616538,0,10,10
Q161677,0,5,5
Q1617,18,30,48
Q161726,0,6,6
Q161733,5,4,9
Q1617794,33,0,33
Q161819,44,8,52
Q1618604,0,15,15
Q16186952,0,10,10
Q1618718,0,5,5
Q161877,27,3,30
Q161885,25,59,84
Q161916,22,28,50
Q1619268,3,1,4
Q16204354,0,5,5
Q16204825,0,5,5
Q1620639,41,0,41
Q1620831,27,0,27
Q1620897,15,0,15
Q1620908,0,8,8
Q162093,0,11,11
Q1620945,0,19,19
Q1621107,7,1,8
Q1621425,0,11,11
Q1621467,5,0,5
Q16216087,0,5,5
Q162182,47,0,47
Q1621909,25,0,25
Q1622208,4,0,4
Q1622272,0,93,93
Q1622507,4,6,10
Q162255,45,2,47
Q16227,9,1,10
Q1622732,0,9,9
Q162277,47,1,48
Q1623314,7,6,13
Q162371,16,5,21
Q162389,31,5,36
Q16240674,1,5,6
Q1624413,26,0,26
Q162442,14,1,15
Q162475,12,2,14
Q162486,0,7,7
Q16249,7,2,9
Q162492,32,15,47
Q1624932,4,32,36
Q1625059,23,0,23
Q162518,59,0,59
Q1625242,40,0,40
Q1625328,4,20,24
Q162554,0,6,6
Q162555,0,16,16
Q162578,16,6,22
Q162586,8,2,10
Q1626186,52,0,52
Q162621,0,6,6
Q162629,18,2,20
Q1626388,0,5,5
Q162656,0,72,72
Q162667,53,0,53
Q162672,34,0,34
Q1626895,0,6,6
Q16269992,0,5,5
Q1627038,0,7,7
Q16271,7,1,8
Q162729,58,1,59
Q1627408,0,19,19
Q16275104,0,4,4
Q162774,0,8,8
Q162791,0,8,8
Q16282,0,5,5
Q16287,11,2,13
Q16289,11,3,14
Q16290,31,6,37
Q162932,4,1,5
Q162954,6,2,8
Q162959,20,5,25
Q16296,28,13,41
Q16297,51,12,63
Q162990,5,2,7
Q163,10,6,16
Q1630304,1,120,121
Q163038,33,3,36
Q163076,0,6,6
Q163132,16,9,25
Q1631384,5,0,5
Q1631735,9,0,9
Q1631998,53,45,98
Q1632007,6,1,7
Q1632040,25,0,25
Q163209,0,5,5
Q1632098,0,5,5
Q1632100,0,5,5
Q1632103,0,5,5
Q1632109,0,5,5
Q16323111,0,25,25
Q163239,10,5,15
Q163249,25,10,35
Q163262,0,5,5
Q163263,20,4,24
Q163286,19,9,28
Q163366,23,2,25
Q163374,0,5,5
Q16344,6,0,6
Q16345,40,10,50
Q163480,6,1,7
Q1634847,2,12,14
Q16349,0,5,5
Q1635307,0,11,11
Q163534,11,1,12
Q163547,7,3,10
Q163569,0,4,4
Q163578,0,5,5
Q163584,9,1,10
Q1636558,7,0,7
Q1636955,0,5,5
Q163700,0,9,9
Q1637070,1,8,9
Q1637139,31,0,31
Q1637212,0,8,8
Q1637250,0,6,6
Q163727,1,12,13
Q1637285,4,0,4
Q163740,0,15,15
Q163749,6,3,9
Q163759,9,4,13
Q1637706,0,4,4
Q1637790,10,0,10
Q163798,6,0,6
Q1638113,3,0,3
Q1638207,3,7,10
Q163829,2,41,43
Q163872,76,3,79
Q1638793,5,0,5
Q16389557,1,4,5
Q16390,25,7,32
Q163934,0,8,8
Q16394,0,6,6
Q16397,31,1,32
Q16402,13,19,32
Q1640319,5,22,27
Q164043,0,5,5
Q1640569,3,0,3
Q164079,0,7,7
Q1640877,14,1,15
Q164089,21,1,22
Q164091,0,6,6
Q1640956,0,9,9
Q164103,58,4,62
Q164110,0,7,7
Q164117,24,4,28
Q164119,28,19,47
Q164134,16,1,17
Q164177,6,3,9
Q1641788,13,3,16
Q164181,0,12,12
Q1641839,5,29,34
Q164200,3,10,13
Q164236,0,7,7
Q164256,7,0,7
Q164328,13,15,28
Q1643514,0,24,24
Q1643549,3,0,3
Q164380,11,3,14
Q1644016,5,3,8
Q164417,26,1,27
Q164421,0,5,5
Q164444,4,53,57
Q164487,18,5,23
Q1645215,0,6,6
Q16455,12,9,21
Q1645834,0,9,9
Q1646181,10,5,15
Q164702,28,0,28
Q16471,2,5,7
Q16472,27,8,35
Q164723,24,1,25
Q1647246,0,6,6
Q1647268,13,5,18
Q16473,46,28,74
Q164730,0,5,5
Q1647814,9,0,9
Q164782,20,13,33
Q1647937,0,5,5
Q164813,46,0,46
Q1648927,0,3,3
Q1649,23,20,43
Q1649567,5,0,5
Q164963,60,3,63
Q164975,0,5,5
Q1649787,20,0,20
Q164983,4,9,13
Q165,0,8,8
Q16501,3,0,3
Q16502,4,1,5
Q1650296,3,2,5
Q165040,0,4,4
Q1650499,0,5,5
Q165091,0,11,11
Q1650915,1,5,6
Q1651279,31,0,31
Q165137,0,20,20
Q165141,14,0,14
Q165154,17,11,28
Q165191,0,18,18
Q165192,10,4,14
Q16520,12,3,15
Q16521,0,12,12
Q165219,45,20,65
Q165283,15,7,22
Q165296,0,5,5
Q1653,20,0,20
Q165313,52,26,78
Q1653137,0,17,17
Q1653207,1,6,7
Q165325,46,1,47
Q165328,4,1,5
Q16533,9,8,17
Q1653448,25,1,26
Q165357,18,2,20
Q1653721,9,0,9
Q165378,0,9,9
Q16538,25,2,27
Q165392,51,1,52
Q165394,29,0,29
Q165399,4,0,4
Q165403,0,6,6
Q165421,0,6,6
Q165467,27,1,28
Q165479,15,0,15
Q1654951,0,14,14
Q16551,21,14,35
Q165518,32,19,51
Q16552,19,74,93
Q165524,18,19,37
Q165529,5,1,6
Q16553,17,16,33
Q16554,0,19,19
Q16555,15,49,64
Q165557,23,4,27
Q16556,11,15,26
Q1655608,12,9,21
Q1655682,0,5,5
Q16557,16,40,56
Q16558,15,17,32
Q16559,15,30,45
Q16562,11,8,19
Q1656259,3,0,3
Q165627,37,0,37
Q16563,17,26,43
Q16565,11,7,18
Q165651,46,1,47
Q165666,6,2,8
Q16567,21,8,29
Q16568,0,9,9
Q165686,12,0,12
Q165699,37,0,37
Q165711,8,18,26
Q165713,50,1,51
Q16572,17,7,24
Q16574,30,0,30
Q165745,10,53,63
Q16575965,0,6,6
Q165817,72,1,73
Q1658604,0,5,5
Q165862,6,0,6
Q165911,0,6,6
Q165950,0,9,9
Q1659569,0,13,13
Q1659572,0,14,14
Q1659581,0,4,4
Q1659591,0,9,9
Q165972,3,9,12
Q165980,13,13,26
Q1660027,6,1,7
Q1660305,5,5,10
Q166031,23,0,23
Q1660432,17,0,17
Q166105,5,0,5
Q166121,1,13,14
Q166131,9,1,10
Q1661325,6,0,6
Q166159,32,4,36
Q1661751,5,0,5
Q166196,15,0,15
Q166231,5,2,7
Q166262,61,2,63
Q166272,34,27,61
Q1663,13,2,15
Q166304,6,1,7
Q16635,20,3,23
Q166389,0,18,18
Q16641,14,2,16
Q166419,7,35,42
Q1664537,24,0,24
Q166462,38,0,38
Q166542,4,0,4
Q166546,0,10,10
Q166565,19,0,19
Q16657861,0,5,5
Q1666270,9,0,9
Q1666471,0,6,6
Q16666,26,4,30
Q1666720,0,12,12
Q1666934,0,5,5
Q166714,26,0,26
Q166747,3,16,19
Q166755,13,0,13
Q166776,17,0,17
Q166788,4,1,5
Q1668154,2,0,2
Q166843,0,8,8
Q166887,12,13,25
Q166902,0,4,4
Q167037,6,8,14
Q1671533,6,0,6
Q167155,9,2,11
Q167214,6,1,7
Q167253,5,1,6
Q16725802,0,9,9
Q167270,0,6,6
Q16739,8,91,99
Q167432,17,1,18
Q167437,50,0,50
Q167498,21,6,27
Q167520,47,25,72
Q16756,93,0,93
Q16758,16,6,22
Q16759,22,2,24
Q167636,0,5,5
Q167656,6,1,7
Q16766,20,7,27
Q167683,0,10,10
Q167696,31,3,34
Q1677114,0,15,15
Q167715,8,8,16
Q1677155,0,5,5
Q1677262,0,9,9
Q167733,14,4,18
Q1677925,4,0,4
Q16781948,0,42,42
Q167821,34,4,38
Q1678831,1,6,7
Q168000,15,4,19
Q168010,33,0,33
Q1680589,2,2,4
Q1681198,10,10,20
Q1681928,5,0,5
Q1682329,9,1,10
Q16824873,0,5,5
Q1683011,0,5,5
Q168360,10,0,10
Q168383,10,234,244
Q168397,11,0,11
Q168407,1,15,16
Q168504,4,1,5
Q168515,21,3,24
Q1685654,16,4,20
Q1685876,24,0,24
Q16861,6,2,8
Q1686232,10,1,11
Q168651,10,0,10
Q16867,35,14,49
Q16868,10,0,10
Q16869,19,6,25
Q16869209,0,6,6
Q168708,61,0,61
Q168721,27,12,39
Q168724,49,23,72
Q168740,20,0,20
Q168751,25,6,31
Q168756,29,33,62
Q168763,25,11,36
Q1687643,0,5,5
Q1687736,13,1,14
Q168778,4,3,7
Q1688147,0,5,5
Q168847,28,5,33
Q168862,37,0,37
Q1689081,18,2,20
Q1689199,11,2,13
Q16894228,0,5,5
Q168983,0,4,4
Q168992,26,5,31
Q169000,26,0,26
Q16900574,0,4,4
Q1690817,0,8,8
Q169132,0,8,8
Q16913666,0,65,65
Q169138,5,5,10
Q1691384,13,0,13
Q1691527,0,5,5
Q1691552,11,3,14
Q169165,5,1,6
Q16918963,0,6,6
Q1691932,0,7,7
Q1693,25,2,27
Q169452,54,4,58
Q169470,4,27,31
Q16947520,0,16,16
Q1695023,0,8,8
Q16952,7,0,7
Q16954,11,4,15
Q16955,11,0,11
Q169564,29,0,29
Q169566,28,7,35
Q16957,23,23,46
Q16961,10,2,12
Q16963,14,9,23
Q16963163,0,8,8
Q169637,5,3,8
Q16965899,0,4,4
Q169661,5,2,7
Q16967,15,4,19
Q1696916,7,5,12
Q1697,9,2,11
Q16970,4,0,4
Q1697043,29,0,29
Q16974566,0,5,5
Q16975888,0,7,7
Q1698,39,2,41
Q16985322,0,7,7
Q16985325,0,10,10
Q16985679,0,7,7
Q16987,10,3,13
Q169872,0,7,7
Q169889,9,52,61
Q169906,20,3,23
Q169923,15,3,18
Q1699298,0,6,6
Q1699428,7,0,7
Q169943,7,5,12
Q169946,23,3,26
Q169952,6,3,9
Q1699539,0,6,6
Q16995699,0,10,10
Q169963,0,7,7
Q169982,15,10,25
Q169985,3,2,5
Q169997,9,0,9
Q17,102,328,430
Q17001728,1,5,6
Q170018,4,3,7
Q170027,13,32,45
Q170035,29,2,31
Q170040,4,0,4
Q1700477,0,7,7
Q17005,10,2,12
Q1700510,0,5,5
Q170072,17,9,26
Q170082,10,5,15
Q17008313,0,13,13
Q17008964,0,4,4
Q17008972,0,6,6
Q17008985,0,26,26
Q17009,8,2,10
Q17009285,0,5,5
Q17010139,0,4,4
Q1701025,0,5,5
Q17010286,0,4,4
Q17010296,0,7,7
Q170105,6,1,7
Q17011048,1,4,5
Q17011060,0,16,16
Q17011073,0,3,3
Q17011108,0,10,10
Q1701116,0,5,5
Q170115,7,2,9
Q170117,3,0,3
Q17011862,0,9,9
Q17011874,0,7,7
Q1701254,25,4,29
Q170134,6,0,6
Q17013749,1,56,57
Q170156,0,5,5
Q1701620,0,5,5
Q170174,1,15,16
Q17020147,0,6,6
Q170208,12,4,16
Q1702106,5,10,15
Q170238,3,25,28
Q170241,6,2,8
Q170250,45,0,45
Q170263,11,6,17
Q1702783,0,8,8
Q1702819,14,0,14
Q170314,3,8,11
Q170322,11,2,13
Q1703265,6,0,6
Q170327,7,0,7
Q170329,5,1,6
Q1703577,1,1,2
Q1703608,44,0,44
Q170373,31,0,31
Q170375,4,1,5
Q170377,10,4,14
Q170403,5,0,5
Q170416,14,5,19
Q17042,15,20,35
Q170420,8,0,8
Q170424,0,180,180
Q170428,37,25,62
Q170433,8,3,11
Q170435,3,4,7
Q170447,4,1,5
Q170478,9,5,14
Q170479,12,0,12
Q170481,0,21,21
Q17048589,0,6,6
Q170497,11,2,13
Q170509,37,12,49
Q170510,45,19,64
Q170515,36,3,39
Q1705192,7,0,7
Q170530,25,13,38
Q170538,0,14,14
Q170539,10,6,16
Q170545,44,4,48
Q170558,5,1,6
Q170564,64,2,66
Q170566,9,1,10
Q170571,0,5,5
Q170572,35,21,56
Q170574,24,11,35
Q170576,32,10,42
Q170581,25,1,26
Q170587,25,23,48
Q170606,19,8,27
Q170611,3,13,16
Q170612,6,1,7
Q170614,4,0,4
Q170645,1,20,21
Q170649,5,0,5
Q1706678,0,6,6
Q1706859,10,7,17
Q1707,27,6,33
Q170703,17,0,17
Q1707407,8,0,8
Q17076072,2,11,13
Q170790,5,26,31
Q1707954,18,1,19
Q1707966,11,2,13
Q170826,8,11,19
Q1708409,5,0,5
Q1708464,0,8,8
Q1708504,19,1,20
Q1709010,7,0,7
Q17093945,0,8,8
Q170972,3,0,3
Q171048,34,7,41
Q171091,29,6,35
Q1711,28,3,31
Q171150,19,7,26
Q1712140,0,52,52
Q171224,9,4,13
Q1712369,0,6,6
Q17125263,0,9,9
Q171254,29,0,29
Q17125405,0,6,6
Q17126013,0,40,40
Q171300,50,2,52
Q1713151,16,19,35
Q171337,1,0,1
Q17135175,0,6,6
Q1713564,1,4,5
Q171363,43,16,59
Q171393,10,0,10
Q171401,0,12,12
Q17141499,0,5,5
Q1714175,16,0,16
Q17143560,0,9,9
Q17144,5,88,93
Q171441,0,8,8
Q171453,59,4,63
Q171497,0,21,21
Q1715,27,9,36
Q17151,19,2,21
Q17156793,0,36,36
Q171571,21,4,25
Q1715774,0,11,11
Q171669,50,3,53
Q17167,11,5,16
Q1716894,5,1,6
Q17172850,0,918,918
Q171736,31,26,57
Q171745,23,23,46
Q171758,22,5,27
Q171771,6,1,7
Q1717986,0,5,5
Q1718449,15,0,15
Q171861,67,1,68
Q171866,8,1,9
Q1718760,0,6,6
Q171905,42,17,59
Q172,27,136,163
Q1720,31,4,35
Q172014,8,0,8
Q172020,12,0,12
Q172025,14,1,15
Q17202505,0,6,6
Q172035,22,11,33
Q172044,19,13,32
Q1720784,4,11,15
Q1720855,22,0,22
Q1721,24,2,26
Q172107,0,10,10
Q172140,32,6,38
Q172157,0,7,7
Q17221,2,12,14
Q172221,7,0,7
Q1722258,3,0,3
Q172241,50,1,51
Q172247,3,0,3
Q172261,27,21,48
Q172303,23,6,29
Q1723064,8,56,64
Q17231624,1,12,13
Q17232649,0,5,5
Q172339,5,1,6
Q172341,4,7,11
Q172430,8,0,8
Q172435,4,0,4
Q172438,10,1,11
Q172455,10,3,13
Q172476,5,2,7
Q17252,12,0,12
Q172544,28,0,28
Q172579,32,40,72
Q1726,42,32,74
Q172640,13,3,16
Q172653,36,19,55
Q1726563,0,7,7
Q172678,26,29,55
Q17269,0,9,9
Q17271186,0,6,6
Q1727138,4,11,15
Q172771,7,1,8
Q17279032,0,8,8
Q172803,5,0,5
Q17287710,0,6,6
Q1728848,11,0,11
Q1729,31,3,34
Q17290934,0,72,72
Q17291730,0,6,6
Q17295709,0,12,12
Q172969,3,0,3
Q172975,53,1,54
Q172980,3,47,50
Q173,37,24,61
Q173009,6,0,6
Q17305133,0,6,6
Q17305144,0,15,15
Q173061,34,1,35
Q17307272,0,8,8
Q1731,32,5,37
Q17310605,0,7,7
Q17311605,0,19,19
Q173158,44,20,64
Q17322152,0,13,13
Q17324844,0,9,9
Q17329836,0,42,42
Q1733,36,4,40
Q173332,9,4,13
Q173395,18,2,20
Q173399,26,8,34
Q1734,6,16,22
Q17343522,0,5,5
Q17343829,0,7,7
Q173453,7,4,11
Q173491,13,3,16
Q173496,6,3,9
Q1735,25,4,29
Q173500,12,4,16
Q173585,32,12,44
Q173637,27,3,30
Q173670,119,2,121
Q1737734,10,0,10
Q17378135,0,184,184
Q173799,2,13,15
Q173804,50,0,50
Q173813,9,6,15
Q17385901,0,6,6
Q17386547,0,8,8
Q1738793,0,145,145
Q173941,8,13,21
Q173950,2,0,2
Q174091,9,2,11
Q1741,47,46,93
Q1741232,46,1,47
Q1741329,4,3,7
Q17414454,0,5,5
Q174158,8,3,11
Q17416875,0,5,5
Q174193,3,122,125
Q1742077,4,0,4
Q1742192,3,1,4
Q174224,11,3,14
Q174263,0,6,6
Q17427,5,4,9
Q174284,56,1,57
Q174291,10,0,10
Q17429931,0,5,5
Q174306,3,2,5
Q174311,30,8,38
Q1743327,0,7,7
Q174346,16,9,25
Q174371,32,0,32
Q1743733,8,1,9
Q174385,50,1,51
Q174389,0,15,15
Q1744,83,22,105
Q174423,3,0,3
Q174526,0,16,16
Q174555,21,2,23
Q17455500,0,6,6
Q174570,19,8,27
Q174648,14,0,14
Q174699,45,0,45
Q174710,33,86,119
Q1747372,0,7,7
Q1747601,9,0,9
Q1747689,1,8,9
Q174769,8,1,9
Q17479,14,0,14
Q1747983,3,0,3
Q1748,19,14,33
Q174811,30,1,31
Q174817,16,4,20
Q174843,37,19,56
Q174844,0,33,33
Q1748652,0,7,7
Q174908,26,14,40
Q1749182,0,6,6
Q1749269,0,7,7
Q17495,0,183,183
Q1749539,0,12,12
Q174957,26,1,27
Q17497,5,1,6
Q17500591,0,4,4
Q17500983,0,3,3
Q17500987,0,9,9
Q17502714,1,4,5
Q1750712,0,6,6
Q1750774,0,8,8
Q175078,23,1,24
Q1750919,0,6,6
Q175104,27,3,30
Q175111,3,2,5
Q175142,22,3,25
Q1751432,0,6,6
Q175195,59,9,68
Q1752144,26,8,34
Q17521923,0,21,21
Q175235,0,6,6
Q1752518,33,0,33
Q1752538,31,0,31
Q1752743,2,0,2
Q175278,37,1,38
Q175284,0,7,7
Q175309,11,0,11
Q175315,6,5,11
Q1753207,5,1,6
Q1753498,27,0,27
Q1753535,15,3,18
Q1754,21,19,40
Q1754110,1,7,8
Q1754382,0,5,5
Q1754478,25,0,25
Q1754755,39,0,39
Q1754756,13,0,13
Q1754773,37,0,37
Q1754965,21,2,23
Q175535,32,30,62
Q1755412,2,4,6
Q1755578,29,0,29
Q1755864,30,0,30
Q1756813,6,0,6
Q175687,4,0,4
Q1757,26,6,32
Q17573027,0,6,6
Q1757366,0,9,9
Q1757562,0,8,8
Q1758037,4,1,5
Q17581,6,0,6
Q17582994,0,5,5
Q1759246,7,12,19
Q1759336,3,0,3
Q1759986,2,1,3
Q176,31,13,44
Q1760081,23,0,23
Q17601728,0,5,5
Q17601744,0,5,5
Q1760178,0,6,6
Q17601870,0,5,5
Q17602166,0,5,5
Q176028,0,6,6
Q1760438,11,9,20
Q1760791,7,2,9
Q1761,22,47,69
Q176126,0,10,10
Q1762059,0,69,69
Q176277,0,8,8
Q176323,19,7,26
Q176324,0,8,8
Q176370,25,0,25
Q176371,5,0,5
Q176410,0,5,5
Q176455,24,9,33
Q176495,0,7,7
Q1765120,3,0,3
Q1765465,3,1,4
Q1766280,0,11,11
Q1767829,0,18,18
Q1768,42,2,44
Q1768043,0,14,14
Q1768108,0,69,69
Q176826,36,0,36
Q1768366,16,0,16
Q1768629,0,10,10
Q1768721,0,61,61
Q176883,1,49,50
Q176945,0,9,9
Q1769490,0,5,5
Q1770,25,1,26
Q1770695,3,1,4
Q1771319,0,13,13
Q17714,65,1,66
Q17715100,0,5,5
Q1771717,12,1,13
Q177220,1,906,907
Q177275,5,0,5
Q1773,31,4,35
Q177311,23,11,34
Q177374,34,1,35
Q17738,77,4,81
Q1773949,2,3,5
Q177413,0,10,10
Q17746126,0,5,5
Q17746193,0,5,5
Q17746220,0,5,5
Q1774629,5,0,5
Q1774648,0,8,8
Q17748520,0,20,20
Q1775277,0,55,55
Q1776156,0,14,14
Q1776226,4,1,5
Q1776271,22,0,22
Q177773,1,7,8
Q1777800,0,7,7
Q1778362,19,0,19
Q1779,32,2,34
Q177922,32,0,32
Q177930,50,0,50
Q177932,0,15,15
Q1779543,0,5,5
Q177984,20,7,27
Q1779974,19,0,19
Q178,3,1,4
Q1780,26,3,29
Q178010,17,5,22
Q1780176,6,3,9
Q1780328,0,5,5
Q1780634,54,81,135
Q1780816,14,3,17
Q178093,7,2,9
Q178095,19,8,27
Q1780995,0,5,5
Q1781,21,28,49
Q1781094,8,0,8
Q178112,24,0,24
Q178115,13,10,23
Q178134,10,1,11
Q178145,3,1,4
Q178166,22,7,29
Q178169,10,14,24
Q178180,3,0,3
Q178194,13,1,14
Q178197,9,1,10
Q1782383,19,0,19
Q1782589,1,7,8
Q178283,14,4,18
Q1782948,9,1,10
Q1783178,13,0,13
Q1783207,6,0,6
Q178348,23,10,33
Q1783509,4,3,7
Q1783603,5,1,6
Q1783608,6,4,10
Q178416,11,6,17
Q178430,4,2,6
Q178450,100,2,102
Q178473,0,3,3
Q1784748,13,3,16
Q1784838,6,7,13
Q178517,33,0,33
Q1785291,12,3,15
Q1785329,3,7,10
Q178549,31,3,34
Q178552,25,13,38
Q17856,15,1,16
Q178598,2,1,3
Q1786078,13,6,19
Q178626,10,5,15
Q178651,1,1,2
Q1786567,0,11,11
Q178678,0,5,5
Q178698,42,1,43
Q1787152,6,0,6
Q178790,5,0,5
Q178812,0,1,1
Q178824,10,2,12
Q178837,8,5,13
Q17884,2,1,3
Q178848,26,4,30
Q178882,29,7,36
Q178903,0,7,7
Q1789030,0,85,85
Q1789102,0,115,115
Q1789544,0,10,10
Q178966,32,0,32
Q178975,6,1,7
Q1789910,4,2,6
Q179012,3,0,3
Q179018,47,0,47
Q1790273,2,12,14
Q1790281,5,12,17
Q179029,8,1,9
Q1790292,64,19,83
Q179036,10,7,17
Q179041,24,6,30
Q179051,36,4,40
Q179075,4,0,4
Q1790886,4,3,7
Q179157,16,1,17
Q179164,3,47,50
Q179191,4,176,180
Q1792,0,5,5
Q179200,11,123,134
Q179215,42,0,42
Q179224,10,2,12
Q1792379,0,8,8
Q1792450,0,6,6
Q179250,9,5,14
Q179257,23,2,25
Q179269,0,5,5
Q179275,3,7,10
Q179310,0,7,7
Q179325,11,2,13
Q179351,11,18,29
Q179385,16,3,19
Q1794,42,13,55
Q179406,6,0,6
Q179414,12,7,19
Q179424,9,3,12
Q17943,6,2,8
Q179437,13,2,15
Q179460,28,0,28
Q179497,48,42,90
Q179503,29,1,30
Q179555,0,5,5
Q179631,24,1,25
Q179645,0,9,9
Q179657,9,13,22
Q179673,52,3,55
Q179687,4,0,4
Q1797448,8,2,10
Q1797768,13,3,16
Q1797817,7,1,8
Q179805,3,13,16
Q179808,4,53,57
Q179815,8,3,11
Q1798154,4,0,4
Q179840,6,0,6
Q17985761,0,807,807
Q1798603,3,3,6
Q1798612,6,0,6
Q17986500,0,5,5
Q179872,0,18,18
Q179876,20,54,74
Q179894,6,0,6
Q1799398,0,12,12
Q1799442,5,9,14
Q179975,3,5,8
Q18,29,45,74
Q180,8,0,8
Q1800,8,2,10
Q180004,29,3,32
Q1800135,0,5,5
Q1800397,15,1,16
Q180057,15,2,17
Q1800833,1,1,2
Q180098,53,2,55
Q18013,17,16,33
Q1801792,0,6,6
Q180187,7,0,7
Q180214,38,3,41
Q180224,66,7,73
Q180228,36,0,36
Q180231,11,2,13
Q180252,17,3,20
Q180268,5,38,43
Q180272,29,10,39
Q180279,31,0,31
Q180305,5,2,7
Q180337,35,0,35
Q180338,45,22,67
Q180341,9,0,9
Q1803708,9,1,10
Q180374,32,1,33
Q180377,18,3,21
Q180393,0,5,5
Q180395,27,0,27
Q180420,3,0,3
Q180453,99,4,103
Q1804810,0,6,6
Q1804811,0,6,6
Q1804942,9,0,9
Q1805085,8,0,8
Q1805145,10,0,10
Q180560,28,32,60
Q180563,1,4,5
Q180573,14,3,17
Q1805906,10,5,15
Q1806065,18,4,22
Q1806079,16,2,18
Q180614,0,6,6
Q180615,0,12,12
Q180619,37,0,37
Q1806300,5,0,5
Q180645,12,0,12
Q180665,28,8,36
Q180673,0,42,42
Q180675,6,1,7
Q180692,4,1,5
Q1806985,15,2,17
Q180727,37,3,40
Q18073024,0,5,5
Q180733,10,0,10
Q18073398,0,5,5
Q18074328,0,5,5
Q180744,5,0,5
Q18074510,0,5,5
Q180762,9,4,13
Q180774,0,2,2
Q180788,5,0,5
Q180800,3,0,3
Q1808004,11,7,18
Q180803,8,2,10
Q180813,5,1,6
Q180816,0,14,14
Q1808301,0,6,6
Q180845,13,0,13
Q180850,25,2,27
Q180852,18,8,26
Q180856,4,3,7
Q180857,6,5,11
Q180861,34,0,34
Q180865,24,15,39
Q18089587,1,5,6
Q1809038,0,7,7
Q1809086,3,0,3
Q180919,22,3,25
Q18094,18,26,44
Q180942,21,13,34
Q1809499,5,0,5
Q180950,8,2,10
Q180958,0,8,8
Q180962,63,6,69
Q18097,16,6,22
Q180975,39,0,39
Q181001,3,2,5
Q181003,80,2,82
Q181010,4,10,14
Q181015,7,2,9
Q1810264,0,1,1
Q181069,47,1,48
Q181086,46,0,46
Q181095,0,22,22
Q1811134,25,0,25
Q181114,6,2,8
Q1811175,0,6,6
Q1811283,0,10,10
Q181136,4,2,6
Q181138,4,0,4
Q181140,13,6,19
Q181185,8,0,8
Q1811998,0,7,7
Q181216,5,0,5
Q181229,0,5,5
Q18123741,0,16,16
Q181247,5,5,10
Q18125,20,19,39
Q181257,3,31,34
Q1812600,4,1,5
Q18127,0,140,140
Q18129046,1,4,5
Q1813408,0,8,8
Q181410,0,5,5
Q181413,11,18,29
Q181425,16,5,21
Q181461,7,3,10
Q1814758,9,0,9
Q1814818,0,5,5
Q181490,22,6,28
Q18149622,0,14,14
Q181508,0,15,15
Q1815243,12,0,12
Q181533,1,3,4
Q1815371,3,9,12
Q181540,56,0,56
Q18154814,0,6,6
Q18154821,0,3,3
Q18154825,0,5,5
Q18154845,0,4,4
Q18154849,0,5,5
Q18154853,0,3,3
Q18154856,0,4,4
Q181555,40,1,41
Q181557,8,0,8
Q1815623,3,0,3
Q1815710,6,0,6
Q18157754,0,5,5
Q18160518,0,7,7
Q181634,0,7,7
Q181659,98,16,114
Q181677,43,9,52
Q181678,31,6,37
Q181683,28,2,30
Q181754,9,81,90
Q181765,5,1,6
Q1817686,4,0,4
Q181774,25,7,32
Q181776,35,0,35
Q181787,0,10,10
Q181795,52,2,54
Q181799,19,13,32
Q181803,53,0,53
Q181819,22,3,25
Q181861,6,5,11
Q181862,6,3,9
Q181882,0,5,5
Q181883,0,67,67
Q181887,20,4,24
Q181899,26,6,32
Q181900,40,25,65
Q181903,8,1,9
Q181907,0,5,5
Q181912,6,0,6
Q181917,23,6,29
Q181923,6,0,6
Q181930,9,0,9
Q181936,20,11,31
Q181962,15,5,20
Q181995,0,5,5
Q182000,0,5,5
Q182010,2,0,2
Q182015,3,36,39
Q18204752,1,7,8
Q182059,9,0,9
Q182104,27,5,32
Q182153,25,3,28
Q182154,1,34,35
Q18216771,0,5,5
Q18221,18,4,22
Q182212,52,2,54
Q182218,66,0,66
Q182223,32,3,35
Q18225,2,1,3
Q182254,35,0,35
Q1822905,3,0,3
Q18232,6,0,6
Q182372,17,6,23
Q182373,41,0,41
Q182408,28,5,33
Q182415,2,11,13
Q182431,20,6,26
Q182436,3,11,14
Q182450,30,11,41
Q182500,0,8,8
Q182538,3,0,3
Q182580,23,3,26
Q182589,26,4,30
Q182591,9,3,12
Q182625,11,6,17
Q182655,31,2,33
Q182659,7,4,11
Q182665,40,1,41
Q182688,0,6,6
Q1826885,25,6,31
Q182692,51,3,54
Q182725,30,2,32
Q182727,38,0,38
Q182743,0,5,5
Q182763,36,13,49
Q1827827,0,7,7
Q182814,0,16,16
Q182865,0,17,17
Q182870,23,8,31
Q182876,3,2,5
Q182881,0,19,19
Q182890,8,1,9
Q182923,6,1,7
Q18293,3,1,4
Q182930,4,0,4
Q182931,0,6,6
Q182933,0,6,6
Q182944,62,2,64
Q182950,0,8,8
Q182973,27,14,41
Q183,139,449,588
Q1830242,0,6,6
Q183032,10,3,13
Q183048,16,11,27
Q183063,38,3,41
Q183066,52,2,54
Q183081,60,2,62
Q183092,21,2,23
Q183102,5,3,8
Q183134,10,10,20
Q183141,27,16,43
Q1831486,0,12,12
Q183167,51,9,60
Q183178,13,12,25
Q183206,0,6,6
Q183239,63,2,65
Q18325436,0,19,19
Q183257,3,3,6
Q183263,11,3,14
Q183290,107,2,109
Q183308,3,0,3
Q183314,6,4,10
Q183326,3,0,3
Q183337,36,2,38
Q183344,4,3,7
Q183347,14,3,17
Q18338206,0,5,5
Q183387,8,170,178
Q183412,17,56,73
Q183416,1,5,6
Q183425,2,7,9
Q18345366,0,5,5
Q18345375,0,6,6
Q183468,3,0,3
Q183492,83,2,85
Q183497,0,6,6
Q183504,6,27,33
Q183513,41,3,44
Q183528,16,1,17
Q183532,44,7,51
Q183539,0,5,5
Q183542,15,4,19
Q183544,12,4,16
Q183551,8,3,11
Q18355406,0,5,5
Q183555,54,0,54
Q1835695,4,0,4
Q1836411,4,3,7
Q183674,1,6,7
Q18379324,0,5,5
Q183816,8,7,15
Q18383,11,19,30
Q183862,5,4,9
Q18388277,0,6,6
Q18389,7,8,15
Q183945,4,325,329
Q183976,1,2,3
Q184,48,16,64
Q18407,28,1,29
Q18409139,0,5,5
Q1841,5,133,138
Q184103,28,14,42
Q184116,6,6,12
Q184163,13,4,17
Q184172,0,6,6
Q18419,13,180,193
Q1842,16,3,19
Q184217,12,7,19
Q184219,24,7,31
Q184226,38,0,38
Q18424,8,45,53
Q184249,29,2,31
Q18426,7,58,65
Q18432,13,10,23
Q184378,18,3,21
Q18438,13,25,38
Q184386,11,11,22
Q184387,8,0,8
Q184407,4,0,4
Q184425,1,22,23
Q184445,0,6,6
Q184469,7,4,11
Q184478,0,23,23
Q184485,4,42,46
Q1845,17,1,18
Q184558,0,20,20
Q184572,30,21,51
Q184587,0,9,9
Q184594,11,5,16
Q184599,12,3,15
Q184602,9,0,9
Q184612,24,0,24
Q184618,9,6,15
Q184644,5,14,19
Q184697,53,2,55
Q18474,3,1,4
Q184760,7,4,11
Q184768,65,3,68
Q184775,9,3,12
Q184781,0,48,48
Q184785,18,1,19
Q184805,28,10,38
Q184843,51,2,53
Q18486,3,2,5
Q1848657,6,1,7
Q184885,14,3,17
Q1848896,4,0,4
Q184903,18,14,32
Q1849138,8,10,18
Q1849843,9,0,9
Q1849964,3,0,3
Q1850,10,2,12
Q185003,9,0,9
Q18505,3,1,4
Q185051,32,20,52
Q185059,11,0,11
Q18507,4,1,5
Q185071,46,1,47
Q185079,14,23,37
Q18509,4,3,7
Q18511,3,1,4
Q18511725,0,43,43
Q18512,4,2,6
Q185122,18,7,25
Q18513,4,0,4
Q185140,42,12,54
Q185147,22,0,22
Q18515,3,0,3
Q18516,4,3,7
Q185163,5,0,5
Q185165,46,2,48
Q18517268,0,6,6
Q18518,3,2,5
Q18519,4,4,8
Q18520,4,3,7
Q1852025,5,0,5
Q1852090,0,5,5
Q18521,4,1,5
Q18522,4,1,5
Q185221,9,1,10
Q1852228,1,0,1
Q18523,5,0,5
Q185246,14,2,16
Q18526,4,5,9
Q18527,3,2,5
Q185278,10,7,17
Q18528,4,1,5
Q1852859,0,13,13
Q18529,4,4,8
Q185298,8,1,9
Q185299,6,80,86
Q185343,35,1,36
Q185351,0,15,15
Q1853623,3,0,3
Q1854,14,7,21
Q18543,0,16,16
Q1854488,17,2,19
Q18545066,1,34,35
Q185458,6,2,8
Q185465,31,4,35
Q185490,37,0,37
Q185493,0,25,25
Q185554,15,5,20
Q185582,7,5,12
Q18558301,0,9,9
Q185591,4,1,5
Q185610,45,5,50
Q185667,5,0,5
Q1857066,21,1,22
Q185724,35,23,58
Q185729,2,11,13
Q18575,13,10,23
Q1857753,15,6,21
Q1858,14,3,17
Q18581305,1,18,19
Q185832,0,5,5
Q185851,6,2,8
Q185867,4,32,36
Q185888,58,2,60
Q1859178,12,0,12
Q1859256,0,5,5
Q185928,36,7,43
Q18594,9,1,10
Q1859510,0,5,5
Q1860,101,6232,6333
Q186012,8,1,9
Q18602249,0,10,10
Q186047,11,1,12
Q186068,9,0,9
Q186080,0,14,14
Q186093,17,2,19
Q186096,0,10,10
Q1861,20,11,31
Q186125,0,14,14
Q1861687,18,1,19
Q186170,5,3,8
Q186190,4,0,4
Q186219,65,2,67
Q186222,4,0,4
Q186243,5,0,5
Q186252,3,0,3
Q186262,5,0,5
Q186268,3,0,3
Q18628,10,13,23
Q186284,0,5,5
Q186285,8,3,11
Q186304,29,4,33
Q186320,1,9,10
Q186323,39,1,40
Q186327,1,5,6
Q186335,23,2,25
Q186341,41,0,41
Q186360,0,6,6
Q18640,15,0,15
Q18640746,0,11,11
Q186424,4,17,21
Q186451,0,6,6
Q18645982,0,5,5
Q186472,6,48,54
Q186485,61,9,70
Q1865,12,4,16
Q186504,32,0,32
Q186506,7,0,7
Q186521,106,4,110
Q186532,5,0,5
Q186545,0,5,5
Q18655,9,3,12
Q18656,10,5,15
Q186579,11,3,14
Q186587,44,0,44
Q18659,4,5,9
Q186591,3,0,3
Q18660,3,1,4
Q186606,15,1,16
Q18661,4,4,8
Q186610,0,6,6
Q18662,4,6,10
Q186652,0,6,6
Q18668527,1,9,10
Q186690,3,0,3
Q1867,9,6,15
Q186702,9,4,13
Q18674606,1,4,5
Q186757,23,17,40
Q18677875,1,5,6
Q18677983,0,5,5
Q18678265,0,5,5
Q186785,5,1,6
Q186810,12,0,12
Q186889,4,4,8
Q1868921,24,12,36
Q1868927,31,3,34
Q1868950,3,11,14
Q186896,12,5,17
Q186914,3,0,3
Q186941,10,230,240
Q187019,75,4,79
Q187033,32,10,42
Q187038,27,6,33
Q187058,14,1,15
Q18708,6,5,11
Q18711,4,4,8
Q187153,0,5,5
Q18716,5,4,9
Q187165,22,0,22
Q187189,3,2,5
Q18721,4,6,10
Q1872239,7,0,7
Q18723,4,3,7
Q187255,4,4,8
Q1872575,0,5,5
Q187266,26,3,29
Q187269,10,0,10
Q187278,34,2,36
Q18729,5,3,8
Q18732,4,3,7
Q187326,4,2,6
Q18735,13,1,14
Q18736,4,6,10
Q187364,39,24,63
Q18739,4,3,7
Q1874,29,3,32
Q18740965,0,5,5
Q18741,5,4,9
Q18744,4,7,11
Q187462,16,2,18
Q1874622,6,0,6
Q18747,4,5,9
Q18750,4,3,7
Q187520,25,1,26
Q187528,3,1,4
Q18754944,0,3,3
Q1875606,0,7,7
Q187726,29,1,30
Q187760,4,59,63
Q187805,9,5,14
Q187814,31,2,33
Q187832,37,2,39
Q187844,35,0,35
Q187851,0,6,6
Q187861,6,0,6
Q1878909,0,6,6
Q187916,2,3,5
Q187939,5,3,8
Q188,25,309,334
Q188000,54,1,55
Q188008,6,6,12
Q188017,121,4,125
Q188018,24,12,36
Q188035,22,0,22
Q18805,1,8,9
Q18808,11,2,13
Q188094,1,15,16
Q188096,8,1,9
Q188100,0,7,7
Q188111,27,0,27
Q188137,0,16,16
Q188143,4,0,4
Q1881437,5,16,21
Q18814623,0,184,184
Q188159,33,0,33
Q188176,29,12,41
Q188228,6,0,6
Q188235,17,0,17
Q188273,8,2,10
Q188277,4,1,5
Q188280,21,5,26
Q1882874,6,0,6
Q188304,8,5,13
Q188313,8,4,12
Q188353,8,0,8
Q188370,13,2,15
Q188375,23,19,42
Q188376,6,2,8
Q188384,36,0,36
Q188385,27,0,27
Q188401,25,3,28
Q188426,29,3,32
Q188430,4,0,4
Q188439,20,1,21
Q18844224,0,116,116
Q188450,0,15,15
Q188451,0,309,309
Q188459,30,3,33
Q188461,21,0,21
Q188464,21,3,24
Q188473,2,474,476
Q188474,25,2,27
Q188482,23,2,25
Q188492,34,10,44
Q188500,14,4,18
Q188509,0,6,6
Q188534,5,4,9
Q188539,7,8,15
Q188553,1,4,5
Q188568,4,0,4
Q188575,1,0,1
Q188586,2,3,5
Q1886,6,1,7
Q188605,0,13,13
Q1886223,0,8,8
Q188626,10,5,15
Q188652,41,3,44
Q188656,4,0,4
Q188668,23,1,24
Q188671,13,4,17
Q188705,7,3,10
Q188712,25,14,39
Q188713,17,9,26
Q188718,42,2,44
Q188724,1,0,1
Q188726,26,15,41
Q1887278,9,2,11
Q188740,10,0,10
Q188759,1,12,13
Q188760,0,5,5
Q188771,0,8,8
Q188772,26,20,46
Q188779,9,1,10
Q188782,3,0,3
Q188784,1,2,3
Q1887879,15,1,16
Q188791,5,0,5
Q188792,18,4,22
Q188801,0,9,9
Q188822,7,62,69
Q188845,47,1,48
Q188850,29,1,30
Q188874,5,21,26
Q1888771,10,5,15
Q18887912,1,4,5
Q1888937,3,0,3
Q1889,0,5,5
Q1889124,9,9,18
Q188914,0,12,12
Q188920,12,1,13
Q1889355,0,5,5
Q188936,26,2,28
Q188953,5,2,7
Q188955,25,17,42
Q188966,0,5,5
Q188969,33,3,36
Q1889725,0,9,9
Q188980,15,1,16
Q188984,6,0,6
Q188987,26,9,35
Q188994,4,0,4
Q189,60,19,79
Q189004,9,25,34
Q189022,17,1,18
Q1890400,18,0,18
Q189045,4,5,9
Q189054,51,1,52
Q189062,0,10,10
Q189067,31,2,33
Q189068,32,0,32
Q189074,6,18,24
Q189078,20,2,22
Q189080,47,1,48
Q189081,28,2,30
Q189097,0,5,5
Q1891,23,6,29
Q18910363,0,4,4
Q1891156,5,0,5
Q189133,4,0,4
Q18914861,0,5,5
Q189201,7,10,17
Q189226,26,10,36
Q189240,22,0,22
Q189266,14,14,28
Q189267,89,0,89
Q189288,12,4,16
Q189290,11,50,61
Q1893,5,2,7
Q1893008,0,6,6
Q18933,0,8,8
Q189330,72,4,76
Q189331,9,3,12
Q189350,27,2,29
Q189351,24,15,39
Q18938,17,6,23
Q189382,14,9,23
Q189388,3,0,3
Q18939491,0,32,32
Q189400,22,3,25
Q189407,18,2,20
Q189415,0,8,8
Q189471,8,2,10
Q189472,2,0,2
Q189490,58,16,74
Q189505,35,0,35
Q18952564,0,17,17
Q189526,29,8,37
Q189533,0,15,15
Q1895354,13,0,13
Q18954,27,0,27
Q189547,11,4,15
Q189554,17,8,25
Q189557,2,3,5
Q189571,1,11,12
Q189588,5,17,22
Q189592,10,4,14
Q189599,22,3,25
Q189600,44,1,45
Q189602,8,3,11
Q189603,2,0,2
Q189635,10,5,15
Q189643,0,5,5
Q189671,5,0,5
Q189694,21,5,26
Q1897,0,4,4
Q189709,3,0,3
Q189710,5,4,9
Q189729,34,3,37
Q189737,9,0,9
Q189758,30,6,36
Q1897677,0,6,6
Q189836,6,0,6
Q189875,26,0,26
Q189887,4,5,9
Q189889,60,1,61
Q189895,0,6,6
Q1899,36,10,46
Q189917,3,0,3
Q18992,0,12,12
Q1899347,5,1,6
Q189960,12,9,21
Q189966,0,9,9
Q189972,0,6,6
Q1899781,7,10,17
Q1899850,0,22,22
Q189991,13,3,16
Q1900,6,2,8
Q190008,0,11,11
Q190019,0,5,5
Q190021,5,0,5
Q190050,36,3,39
Q190076,23,2,25
Q190080,23,25,48
Q190086,42,1,43
Q190088,6,7,13
Q190094,27,0,27
Q190117,1,6,7
Q19012308,0,5,5
Q19012309,0,5,5
Q190135,43,1,44
Q190145,57,1,58
Q190155,22,7,29
Q190162,22,8,30
Q1901835,0,5,5
Q19020,5,138,143
Q1902016,6,2,8
Q190214,1,9,10
Q190220,39,2,41
Q190243,23,0,23
Q190251,34,0,34
Q190252,2,20,22
Q1903,17,1,18
Q19031,0,5,5
Q190353,10,4,14
Q19036877,0,9,9
Q190373,24,4,28
Q190379,45,3,48
Q190386,23,10,33
Q1904,34,28,62
Q190441,7,1,8
Q19047539,0,445,445
Q190515,20,0,20
Q190519,22,8,30
Q190523,29,26,55
Q190525,42,0,42
Q190526,4,1,5
Q190576,32,1,33
Q190585,10,63,73
Q190588,61,0,61
Q190602,25,13,38
Q1906085,12,0,12
Q190618,6,2,8
Q190631,33,5,38
Q190643,50,1,51
Q1906490,4,1,5
Q19066,4,0,4
Q190684,13,1,14
Q1907114,0,6,6
Q19077875,0,325,325
Q190794,14,10,24
Q190805,10,6,16
Q1908073,0,8,8
Q1908566,6,4,10
Q19085950,0,5,5
Q19085957,0,147,147
Q19089,52,0,52
Q190908,37,2,39
Q1909156,0,5,5
Q190916,7,0,7
Q190928,0,5,5
Q190956,57,2,59
Q190972,0,4,4
Q190978,8,4,12
Q19098835,0,107,107
Q190994,23,18,41
Q190998,26,20,46
Q191,3,14,17
Q191000,4,0,4
Q191027,23,6,29
Q191037,29,9,38
Q191040,37,0,37
Q191064,27,7,34
Q191074,51,0,51
Q191077,2,9,11
Q191084,18,14,32
Q191088,28,1,29
Q191089,3,11,14
Q191100,61,1,62
Q191101,3,0,3
Q191104,19,13,32
Q191132,21,23,44
Q191142,3,0,3
Q191224,12,66,78
Q191264,4,0,4
Q191352,9,0,9
Q191384,1,180,181
Q191406,5,1,6
Q1914636,0,8,8
Q191472,9,11,20
Q191477,4,3,7
Q191489,9,17,26
Q191543,35,2,37
Q19155,36,11,47
Q191551,3,0,3
Q191582,0,10,10
Q191583,0,13,13
Q191595,5,0,5
Q191633,3,4,7
Q191644,0,5,5
Q191684,3,0,3
Q191701,1,0,1
Q191715,15,29,44
Q191716,28,5,33
Q191719,26,9,35
Q191753,28,0,28
Q191755,25,2,27
Q191768,2,0,2
Q191796,1,0,1
Q19180675,0,1025,1025
Q191819,38,1,39
Q191828,40,13,53
Q191842,18,2,20
Q191843,5,2,7
Q19185,47,5,52
Q19186,12,7,19
Q191874,0,34,34
Q19190,0,5,5
Q19190511,0,122,122
Q1919632,0,27,27
Q191966,32,8,40
Q192021,12,4,16
Q1920219,1,1,2
Q19204627,1,27,28
Q192052,14,5,19
Q192071,5,0,5
Q192073,39,1,40
Q192081,4,0,4
Q192083,6,1,7
Q192088,7,13,20
Q192102,3,1,4
Q19211082,0,33,33
Q192114,26,0,26
Q192115,45,2,47
Q192142,36,1,37
Q192149,5,0,5
Q1921640,3,0,3
Q192165,33,15,48
Q192183,17,0,17
Q19219752,0,445,445
Q1922071,1,2,3
Q192212,26,0,26
Q192217,22,17,39
Q1922279,0,6,6
Q192229,12,2,14
Q192240,12,6,18
Q192260,19,0,19
Q19230671,0,21,21
Q19230673,0,5,5
Q19230677,0,7,7
Q19230683,0,7,7
Q19230686,0,7,7
Q19230688,0,6,6
Q19230692,0,6,6
Q19230695,0,7,7
Q19230701,0,8,8
Q19230705,0,6,6
Q192314,12,1,13
Q192334,26,9,35
Q192353,14,1,15
Q192402,24,2,26
Q192410,63,6,69
Q192431,2,1,3
Q192474,30,4,34
Q192486,7,0,7
Q192506,29,0,29
Q192515,31,0,31
Q192517,9,6,15
Q192557,13,77,90
Q1925718,7,0,7
Q1925963,0,8,8
Q192597,5,3,8
Q1926,25,0,25
Q192611,0,6,6
Q192626,12,2,14
Q192628,5,0,5
Q192641,3,0,3
Q192643,0,10,10
Q192668,35,4,39
Q192682,25,13,38
Q192686,47,0,47
Q1927145,3,1,4
Q192724,75,0,75
Q192725,0,7,7
Q192751,4,2,6
Q192761,12,1,13
Q192762,21,12,33
Q1927705,9,2,11
Q192775,18,6,24
Q192781,7,1,8
Q192786,3,0,3
Q192812,13,9,22
Q192828,5,0,5
Q192837,43,0,43
Q1928373,3,1,4
Q192873,4,4,8
Q192881,6,11,17
Q192890,7,0,7
Q192896,11,3,14
Q1928978,0,6,6
Q1928989,0,32,32
Q192912,31,13,44
Q1929297,23,1,24
Q192934,44,0,44
Q1929352,3,5,8
Q192936,21,0,21
Q1929388,18,1,19
Q1929616,0,11,11
Q192979,34,0,34
Q192990,24,13,37
Q1930,18,23,41
Q1930187,1,160,161
Q193020,23,0,23
Q193023,6,94,100
Q193048,33,15,48
Q193066,27,1,28
Q1930698,20,1,21
Q193070,16,12,28
Q1930918,8,1,9
Q193102,0,5,5
Q193105,20,14,34
Q19311591,0,15,15
Q1931388,1,9,10
Q193146,32,6,38
Q193166,38,3,41
Q193196,19,13,32
Q193207,5,21,26
Q193212,12,13,25
Q193250,6,1,7
Q193272,0,16,16
Q193300,23,2,25
Q193326,13,1,14
Q193338,26,18,44
Q1933462,6,0,6
Q193355,5,51,56
Q193377,4,0,4
Q19339,0,10,10
Q193390,4,2,6
Q193391,7,33,40
Q193397,15,1,16
Q1934278,0,5,5
Q193458,18,4,22
Q193459,18,0,18
Q1934625,0,8,8
Q193481,6,0,6
Q1934817,2,0,2
Q193482,22,5,27
Q193504,0,8,8
Q19350898,0,5,5
Q193510,17,1,18
Q193517,21,8,29
Q19353,4,0,4
Q19355,44,1,45
Q193555,21,14,35
Q193559,9,2,11
Q19356,38,0,38
Q1935609,2,2,4
Q193570,52,0,52
Q193577,35,1,36
Q193582,2,1,3
Q193592,2,23,25
Q19360203,1,15,16
Q193606,3,12,15
Q193619,18,5,23
Q193628,32,22,54
Q193643,5,0,5
Q193645,78,7,85
Q193648,15,13,28
Q193653,21,6,27
Q193654,5,0,5
Q193659,24,7,31
Q193666,7,3,10
Q193668,26,16,42
Q19367312,0,39,39
Q193676,27,10,37
Q193695,35,0,35
Q193710,24,1,25
Q193714,14,7,21
Q193727,28,12,40
Q193740,0,46,46
Q193744,28,1,29
Q193749,4,0,4
Q193753,4,0,4
Q193798,0,5,5
Q1938003,0,30,30
Q193815,22,11,33
Q193835,39,1,40
Q1938795,1,0,1
Q1939211,19,1,20
Q193942,11,1,12
Q1939485,0,6,6
Q193979,8,1,9
Q193982,0,5,5
Q194045,21,3,24
Q19405928,0,7,7
Q19409,0,8,8
Q194116,7,0,7
Q194121,7,0,7
Q194126,5,0,5
Q194220,30,0,30
Q194223,4,1,5
Q194253,14,9,23
Q194258,0,7,7
Q194266,11,3,14
Q194280,29,5,34
Q194285,0,7,7
Q194287,27,0,27
Q1942940,0,8,8
Q194318,0,6,6
Q194333,39,1,40
Q194369,5,0,5
Q194387,8,0,8
Q194393,8,0,8
Q194413,80,0,80
Q194419,24,7,31
Q19442,4,7,11
Q194420,0,8,8
Q194427,25,1,26
Q19444,5,5,10
Q194445,6,2,8
Q19446,5,5,10
Q19449,4,5,9
Q19451,3,3,6
Q19453,5,4,9
Q194540,0,10,10
Q19456,4,7,11
Q19458,6,5,11
Q19462,4,4,8
Q1946521,0,5,5
Q19467,5,3,8
Q19470,4,3,7
Q19473,5,2,7
Q19477,4,8,12
Q1948,30,5,35
Q19481,6,4,10
Q19482,4,5,9
Q19487,4,8,12
Q1948730,0,3,3
Q19490,3,2,5
Q194944,2,2,4
Q19495,4,1,5
Q19498,4,5,9
Q19500,6,6,12
Q19504,27,3,30
Q195041,8,1,9
Q19509,4,2,6
Q1951,29,20,49
Q19510,4,0,4
Q19513,5,0,5
Q19516,5,0,5
Q19518,4,0,4
Q1952,22,9,31
Q1952033,7,1,8
Q19523,4,0,4
Q19526,57,1,58
Q1953,18,4,22
Q19538713,0,39,39
Q195396,0,5,5
Q19545136,0,6,6
Q19546,20,2,22
Q1954956,0,5,5
Q19558910,0,23,23
Q195664,12,5,17
Q195668,12,3,15
Q19568,6,3,9
Q19570,223,1,224
Q19570270,0,5,5
Q19571,4,2,6
Q195719,0,5,5
Q19573,4,2,6
Q19573074,0,21,21
Q19575,4,0,4
Q19578,5,1,6
Q19580,4,5,9
Q19584,4,2,6
Q19585,3,0,3
Q19587,5,4,9
Q19589,4,3,7
Q1959196,4,1,5
Q19592,4,2,6
Q19593,6,5,11
Q195949,39,1,40
Q19595,4,0,4
Q19595701,0,7,7
Q19597,5,4,9
Q19598,4,5,9
Q196004,43,0,43
Q19601,4,8,12
Q196014,0,5,5
Q19603,3,1,4
Q19604,4,4,8
Q19607,6,4,10
Q1961140,8,0,8
Q19612,3,5,8
Q19615,4,3,7
Q19626,4,2,6
Q19631403,0,5,5
Q19634,4,4,8
Q19637,4,1,5
Q1964106,0,6,6
Q1964369,0,5,5
Q1964387,0,5,5
Q19644,4,5,9
Q1964968,0,8,8
Q1965,21,9,30
Q1965038,10,0,10
Q19651,3,4,7
Q19652,0,6,6
Q196544,4,4,8
Q196560,23,7,30
Q19660,18,9,27
Q196600,0,7,7
Q196602,23,2,25
Q196615,4,0,4
Q196665,34,1,35
Q1966681,21,0,21
Q1966965,0,366,366
Q1967146,0,5,5
Q1967162,0,1,1
Q1967202,0,2,2
Q19673,46,3,49
Q19675,14,1,15
Q1967719,40,30,70
Q1967731,46,30,76
Q1967852,5,9,14
Q1968020,14,0,14
Q19686,18,0,18
Q1968839,0,11,11
Q1968853,28,1,29
Q19689,7,3,10
Q1969034,3,0,3
Q1969128,7,3,10
Q1969256,4,0,4
Q1969707,0,8,8
Q1969730,0,28,28
Q1969967,15,1,16
Q1970206,7,0,7
Q1970454,11,14,25
Q1970746,0,46,46
Q19715429,0,10,10
Q1971717,16,1,17
Q1971768,15,17,32
Q1971984,0,7,7
Q1972217,3,0,3
Q19723482,1,32,33
Q1972829,0,5,5
Q197297,0,5,5
Q1973,0,29,29
Q1973834,4,1,5
Q1974,38,0,38
Q1974722,12,1,13
Q1974839,2,0,2
Q197697,21,0,21
Q19770,24,6,30
Q19771,0,20,20
Q1978,1,5,6
Q1979,24,0,24
Q19794,0,7,7
Q1979607,1,8,9
Q19798,7,0,7
Q198,2,36,38
Q198028,18,0,18
Q198032,6,0,6
Q19809,10,4,14
Q19810,21,3,24
Q19813,0,5,5
Q19822599,0,5,5
Q1983066,3,5,8
Q19833431,0,4,4
Q1983457,8,21,29
Q19837,32,5,37
Q1983712,14,0,14
Q19841381,0,5,5
Q1984236,0,5,5
Q19844914,0,37,37
Q19848,96,11,107
Q1985488,0,7,7
Q1985783,5,0,5
Q19858055,0,11,11
Q19858080,0,17,17
Q19858088,0,6,6
Q19858107,0,9,9
Q19859744,0,14,14
Q19861084,0,268,268
Q1986271,5,0,5
Q198638,0,6,6
Q19864305,0,8,8
Q198684,0,6,6
Q19869310,0,9,9
Q1987504,0,7,7
Q19878187,0,3,3
Q1988428,3,1,4
Q1989,25,6,31
Q1989585,25,0,25
Q1989904,6,1,7
Q19900,14,5,19
Q1990143,13,0,13
Q19906304,1,6,7
Q1990792,0,4,4
Q1992008,11,0,11
Q1992938,33,1,34
Q1992967,0,7,7
Q199369,17,2,19
Q199418,19,2,21
Q19946102,1,4,5
Q19948176,0,7,7
Q1994926,0,16,16
Q1995,0,5,5
Q199528,6,2,8
Q19953632,0,7,7
Q1995569,4,0,4
Q1995856,3,1,4
Q199602,6,0,6
Q199655,7,1,8
Q19969187,0,45,45
Q1997305,3,0,3
Q1997321,7,1,8
Q199797,15,6,21
Q199804,0,5,5
Q1998131,0,5,5
Q1998195,6,17,23
Q199853,44,3,47
Q199884,18,11,29
Q1998866,0,5,5
Q199906,1,4,5
Q199927,15,8,23
Q199929,17,4,21
Q199931,29,6,35
Q199945,22,5,27
Q1999640,0,5,5
Q1999690,1,1,2
Q2,17,14,31
Q20,90,44,134
Q20002163,0,5,5
Q200028,6,0,6
Q2000598,15,0,15
Q2000624,11,0,11
Q2000666,5,6,11
Q2000700,0,10,10
Q20007134,0,5,5
Q200092,1,143,144
Q2001,44,34,78
Q200123,5,0,5
Q2001231,8,0,8
Q2001305,1,12,13
Q200166,10,1,11
Q2001966,1,10,11
Q200229,3,0,3
Q200250,0,39,39
Q200299,51,1,52
Q2003,19,5,24
Q200321,3,1,4
Q2003342,7,2,9
Q2003471,0,6,6
Q200355,19,4,23
Q200396,42,2,44
Q200405,37,22,59
Q2004409,0,20,20
Q200464,0,23,23
Q200491,10,3,13
Q2005056,25,0,25
Q2005146,15,2,17
Q2005201,8,7,15
Q200534,29,16,45
Q20053503,0,1,1
Q2005647,6,1,7
Q200569,20,4,24
Q200572,36,0,36
Q200586,28,0,28
Q20058666,0,2,2
Q2006542,0,5,5
Q200672,33,0,33
Q2006869,0,6,6
Q2007,29,16,45
Q200768,20,18,38
Q20078554,0,617,617
Q200827,36,0,36
Q200841,0,5,5
Q20085721,0,5,5
Q200873,40,0,40
Q20089963,0,15,15
Q2009,12,4,16
Q200942,8,2,10
Q2009573,0,14,14
Q20096917,0,182,182
Q201006,4,0,4
Q201034,19,2,21
Q201052,8,0,8
Q201054,0,6,6
Q201149,9,6,15
Q201215,54,2,56
Q201279,30,24,54
Q201293,36,2,38
Q201330,0,12,12
Q201379,31,4,35
Q20138,5,1,6
Q201418,17,7,24
Q201492,25,12,37
Q201516,4,6,10
Q201538,29,2,31
Q201562,29,1,30
Q201584,3,1,4
Q201603,21,2,23
Q201607,12,1,13
Q201608,31,1,32
Q20162127,0,5,5
Q201641,0,7,7
Q201656,26,4,30
Q2016567,5,5,10
Q201658,0,49,49
Q201674,46,2,48
Q201676,0,9,9
Q201687,44,0,44
Q2017182,10,0,10
Q2017211,12,0,12
Q2017333,27,0,27
Q201735,7,2,9
Q2017684,1,4,5
Q2017779,0,18,18
Q20178,22,9,31
Q201788,3,35,38
Q2018,6,1,7
Q201812,15,3,18
Q20181813,0,8,8
Q201819,27,0,27
Q2018307,6,1,7
Q201842,0,7,7
Q201857,4,0,4
Q201864,4,0,4
Q201885,24,0,24
Q201924,68,1,69
Q201927,26,4,30
Q2019317,5,1,6
Q201959,3,0,3
Q201965,2,2,4
Q201970,15,5,20
Q20198245,0,9,9
Q201994,12,7,19
Q2020,0,5,5
Q202027,7,1,8
Q202028,53,1,54
Q20203866,0,7,7
Q202041,15,4,19
Q202051,0,22,22
Q202056,24,15,39
Q202059,0,9,9
Q202088,10,11,21
Q202093,5,2,7
Q202144,24,8,32
Q202148,32,9,41
Q2021531,15,0,15
Q202172,29,3,32
Q202174,4,2,6
Q20220309,0,9,9
Q202211,72,2,74
Q2022113,1,0,1
Q2022163,3,1,4
Q202237,20,0,20
Q202246,19,0,19
Q2023,13,6,19
Q202304,18,12,30
Q202314,25,6,31
Q202326,53,1,54
Q202381,25,11,36
Q202387,4,4,8
Q202391,3,0,3
Q202435,0,7,7
Q202440,8,109,117
Q202449,20,4,24
Q202475,0,6,6
Q202508,40,1,41
Q2025392,0,6,6
Q202548,33,2,35
Q202550,26,0,26
Q202585,21,68,89
Q202589,0,10,10
Q202628,8,2,10
Q2026379,7,0,7
Q202663,30,2,32
Q20267837,1,10,11
Q202686,0,15,15
Q202725,21,13,34
Q202729,27,1,28
Q202735,35,16,51
Q202741,15,1,16
Q2027579,0,5,5
Q202765,27,20,47
Q202792,14,7,21
Q2028,20,3,23
Q202801,40,4,44
Q202836,0,6,6
Q202837,5,26,31
Q202859,27,5,32
Q202866,11,21,32
Q2029246,0,5,5
Q202930,4,4,8
Q202937,18,0,18
Q202945,8,7,15
Q202973,10,3,13
Q202982,25,0,25
Q2029901,0,16,16
Q203000,12,4,16
Q203008,5,0,5
Q203013,5,0,5
Q203059,9,39,48
Q203078,7,1,8
Q203092,3,0,3
Q203108,20,3,23
Q2031292,17,5,22
Q2031670,0,5,5
Q203184,1,1,2
Q203185,18,1,19
Q203197,9,0,9
Q203205,13,9,22
Q203215,32,20,52
Q203219,15,3,18
Q203223,22,2,24
Q203263,11,8,19
Q2032630,0,8,8
Q203268,16,4,20
Q2033052,38,0,38
Q203337,1,11,12
Q203349,8,0,8
Q203384,5,0,5
Q203385,13,0,13
Q203403,6,2,8
Q2034661,4,3,7
Q203493,18,8,26
Q203535,4,3,7
Q203545,27,17,44
Q203573,3,0,3
Q203574,46,0,46
Q2036076,7,0,7
Q2037,7,2,9
Q2037125,0,6,6
Q203720,3,9,12
Q203736,0,10,10
Q203764,0,5,5
Q203775,2,11,13
Q20378,4,18,22
Q203804,28,8,36
Q203819,21,3,24
Q203840,22,7,29
Q2038656,14,0,14
Q203871,40,1,41
Q203889,6,3,9
Q2039348,0,12,12
Q203960,32,16,48
Q203976,4,0,4
Q203995,9,1,10
Q204019,37,2,39
Q204057,47,1,48
Q2041543,0,309,309
Q204181,19,0,19
Q204191,44,0,44
Q2042,31,4,35
Q204212,38,2,40
Q204220,5,1,6
Q204299,29,22,51
Q204303,10,4,14
Q2043175,3,0,3
Q204323,22,0,22
Q204357,8,5,13
Q204374,43,1,44
Q204398,46,0,46
Q2044,26,18,44
Q20442589,0,135,135
Q20443008,0,42,42
Q204474,10,1,11
Q20456,55,1,56
Q204561,9,3,12
Q2045695,3,5,8
Q204586,18,9,27
Q204590,18,12,30
Q2045972,5,1,6
Q204623,4,0,4
Q204627,7,0,7
Q204670,17,0,17
Q204672,1,5,6
Q204685,30,23,53
Q204686,0,21,21
Q204716,4,0,4
Q204720,8,3,11
Q204725,34,1,35
Q20474,5,0,5
Q204751,23,0,23
Q204854,0,78,78
Q204862,5,1,6
Q204920,15,4,19
Q2049232,14,0,14
Q204943,49,1,50
Q205001,15,3,18
Q205002,0,9,9
Q20502,4,14,18
Q205028,67,1,68
Q2050326,5,3,8
Q205033,7,1,8
Q2050378,0,7,7
Q205049,4,22,26
Q2050534,21,0,21
Q205130,1,0,1
Q2051387,0,6,6
Q2052,5,2,7
Q2052002,0,6,6
Q2052291,0,7,7
Q205314,22,5,27
Q205375,0,29,29
Q205380,3,8,11
Q2053826,0,8,8
Q205435,16,8,24
Q205447,52,0,52
Q205474,14,0,14
Q205532,37,0,37
Q205560,5,5,10
Q205679,7,5,12
Q205683,0,6,6
Q205685,5,0,5
Q205707,34,15,49
Q205721,64,4,68
Q2057248,0,7,7
Q2057259,4,1,5
Q205739,24,3,27
Q2057449,0,9,9
Q20581604,0,6,6
Q205817,0,7,7
Q2058196,11,0,11
Q205842,4,1,5
Q205868,0,9,9
Q205905,8,2,10
Q2059704,2,158,160
Q205973,5,1,6
Q205995,0,14,14
Q205998,3,1,4
Q206,24,2,26
Q2060077,52,0,52
Q2060840,11,36,47
Q206112,83,4,87
Q2061176,6,2,8
Q206124,38,2,40
Q2061530,5,0,5
Q206159,6,47,53
Q2061948,5,1,6
Q206201,0,5,5
Q2062049,0,10,10
Q2062126,10,0,10
Q2062658,14,1,15
Q206272,11,6,17
Q206297,6,0,6
Q206312,3,0,3
Q2063318,0,9,9
Q206336,23,0,23
Q206343,4,0,4
Q206350,3,0,3
Q206357,3,1,4
Q206364,18,3,21
Q206374,30,1,31
Q206381,5,1,6
Q206388,53,0,53
Q20639856,0,14,14
Q206439,36,3,39
Q20645820,0,7,7
Q20649162,0,4,4
Q206497,30,0,30
Q20650540,1,27,28
Q2065128,1,4,5
Q20652466,0,5,5
Q20656352,1,5,6
Q206576,59,1,60
Q2065769,15,0,15
Q206585,6,1,7
Q2066,31,2,33
Q206659,19,21,40
Q206702,8,4,12
Q20675897,0,5,5
Q206833,9,7,16
Q206856,49,8,57
Q20686225,0,10,10
Q2068658,7,1,8
Q20687396,0,6,6
Q206886,40,0,40
Q206890,12,7,19
Q206901,6,5,11
Q206921,13,1,14
Q206922,17,12,29
Q206939,24,7,31
Q206987,1,3,4
Q206988,12,3,15
Q207,50,9,59
Q207011,8,0,8
Q207020,0,12,12
Q207034,21,0,21
Q2070525,0,5,5
Q2070564,36,0,36
Q2071,47,33,80
Q207130,46,0,46
Q20714679,0,8,8
Q207176,6,1,7
Q207179,0,14,14
Q20718,14,2,16
Q2071905,2,3,5
Q207191,29,2,31
Q207197,29,3,32
Q2072393,5,0,5
Q207272,25,11,36
Q207293,1,0,1
Q207307,14,7,21
Q20731373,0,5,5
Q207318,1,4,5
Q207337,10,1,11
Q2073466,0,6,6
Q2073496,12,9,21
Q207373,4,0,4
Q207375,19,1,20
Q207378,1,7,8
Q2074,6,3,9
Q207405,23,1,24
Q20743760,0,18,18
Q207441,7,0,7
Q207458,16,4,20
Q2074618,0,7,7
Q207462,4,0,4
Q207472,11,1,12
Q2074737,0,5,5
Q207482,51,0,51
Q207501,3,0,3
Q207503,4,0,4
Q207506,19,13,32
Q207507,3,0,3
Q207515,23,2,25
Q207521,21,0,21
Q207536,43,2,45
Q207544,26,1,27
Q2075598,0,7,7
Q207588,48,2,50
Q207596,22,10,32
Q207598,18,3,21
Q2076005,0,5,5
Q207628,0,26,26
Q207639,12,1,13
Q207640,13,2,15
Q207642,0,5,5
Q207676,17,6,23
Q207679,5,3,8
Q207688,368,2,370
Q207691,2,4,6
Q207694,0,8,8
Q207698,49,0,49
Q207706,11,6,17
Q207735,6,1,7
Q207736,8,0,8
Q207739,15,1,16
Q207746,13,0,13
Q207773,30,9,39
Q207784,12,8,20
Q207803,25,1,26
Q207816,47,2,49
Q207821,7,0,7
Q207826,0,12,12
Q207848,0,17,17
Q207852,24,10,34
Q207873,17,6,23
Q2079,31,13,44
Q207916,52,1,53
Q207921,47,2,49
Q207922,10,1,11
Q2079232,0,9,9
Q207947,32,0,32
Q2079473,0,5,5
Q2079534,0,27,27
Q207954,37,1,38
Q207969,15,10,25
Q207980,3,0,3
Q2079909,0,6,6
Q2079954,25,1,26
Q208026,23,10,33
Q208045,5,4,9
Q208048,48,1,49
Q208072,15,1,16
Q208101,27,1,28
Q208108,54,1,55
Q2081108,0,5,5
Q208131,23,0,23
Q208139,6,2,8
Q208143,8,3,11
Q208152,8,5,13
Q208175,0,6,6
Q2081786,4,0,4
Q2081806,4,0,4
Q208193,4,0,4
Q2082,10,3,13
Q20820271,1,5,6
Q208204,39,0,39
Q208205,20,1,21
Q208209,6,0,6
Q208214,0,8,8
Q208228,6,0,6
Q2082282,4,0,4
Q208239,4,1,5
Q208257,10,0,10
Q208260,0,5,5
Q208262,8,1,9
Q208263,45,2,47
Q208266,48,2,50
Q208269,36,0,36
Q20828891,0,11,11
Q208320,11,1,12
Q208344,64,1,65
Q208374,13,4,17
Q208399,3,1,4
Q208408,22,4,26
Q208414,7,11,18
Q208421,4,2,6
Q208445,8,5,13
Q208447,7,5,12
Q208459,11,8,19
Q208484,3,2,5
Q208494,0,8,8
Q2084961,7,0,7
Q2085,111,3,114
Q208505,0,9,9
Q208507,8,0,8
Q208511,0,21,21
Q2085267,3,2,5
Q2085270,0,6,6
Q2085376,2,13,15
Q2085381,0,26,26
Q208552,4,0,4
Q208558,0,10,10
Q20856740,0,7,7
Q208568,39,2,41
Q20857065,0,6,6
Q208572,27,1,28
Q208582,20,0,20
Q208590,42,11,53
Q208592,51,2,53
Q208623,16,0,16
Q208632,31,1,32
Q208635,6,1,7
Q208649,20,27,47
Q208652,6,0,6
Q208667,0,14,14
Q208681,35,12,47
Q208685,18,8,26
Q2086913,5,122,127
Q208696,57,6,63
Q20872,1,10,11
Q208746,0,6,6
Q20875,57,7,64
Q208767,0,13,13
Q208881,21,0,21
Q20888800,0,5,5
Q20888823,0,5,5
Q208909,11,24,35
Q20892672,0,8,8
Q208948,3,0,3
Q2089918,0,14,14
Q2089923,0,17,17
Q2090,31,3,34
Q209055,8,4,12
Q209065,15,5,20
Q209084,0,5,5
Q2090893,13,7,20
Q209094,0,5,5
Q209096,7,4,11
Q2091008,3,1,4
Q209126,7,1,8
Q209137,6,2,8
Q209142,0,5,5
Q2091526,1,0,1
Q209170,50,1,51
Q209175,19,8,27
Q209186,25,8,33
Q2092093,5,0,5
Q20922,20,1,21
Q2092392,10,0,10
Q20925702,0,13,13
Q2092688,10,0,10
Q20927,6,1,7
Q2092755,5,1,6
Q209282,15,0,15
Q2092962,0,15,15
Q2093110,12,1,13
Q209338,8,4,12
Q20934,0,5,5
Q209344,10,4,14
Q20937,4,2,6
Q2093794,14,7,21
Q2094177,8,3,11
Q209459,27,34,61
Q209465,0,13,13
Q209471,28,4,32
Q209481,35,0,35
Q2095,8,9,17
Q209509,4,0,4
Q2095114,5,0,5
Q2095173,2,2,4
Q209538,69,0,69
Q2095549,1,25,26
Q2096,16,10,26
Q20961706,0,11,11
Q209636,6,0,6
Q209641,0,6,6
Q209662,32,2,34
Q2096633,0,12,12
Q20966518,0,6,6
Q209667,31,0,31
Q20968284,0,5,5
Q209685,342,2,344
Q209690,0,29,29
Q209727,386,2,388
Q20979230,0,10,10
Q2097994,0,5,5
Q209842,9,19,28
Q209857,0,5,5
Q209860,0,5,5
Q20986484,0,16,16
Q209878,33,0,33
Q209895,5,0,5
Q209896,0,4,4
Q209956,37,6,43
Q209961,5,0,5
Q21,41,138,179
Q2100,18,2,20
Q21002838,0,5,5
Q21004587,0,12,12
Q210059,75,10,85
Q210076,0,10,10
Q210094,10,5,15
Q21010817,0,16,16
Q21010853,0,53,53
Q210120,13,5,18
Q21012735,0,6,6
Q210146,12,1,13
Q210148,27,7,34
Q210167,0,59,59
Q210170,4,0,4
Q210172,27,2,29
Q210200,12,5,17
Q210241,4,1,5
Q2103,19,6,25
Q210311,19,1,20
Q21032622,0,5,5
Q210327,0,5,5
Q210364,38,0,38
Q210392,2,0,2
Q210428,26,0,26
Q210447,22,5,27
Q2104471,1,4,5
Q210453,22,0,22
Q210460,3,0,3
Q210462,17,6,23
Q210531,12,3,15
Q21057,0,5,5
Q21065550,0,9,9
Q210682,1,8,9
Q2107,15,1,16
Q210741,26,9,35
Q21077,12,78,90
Q210792,0,9,9
Q210812,36,0,36
Q210849,4,0,4
Q210864,3,0,3
Q210961,5,0,5
Q210985,12,3,15
Q211,58,15,73
Q211009,47,0,47
Q2110156,4,28,32
Q211028,2,0,2
Q211040,18,6,24
Q211082,11,6,17
Q211094,27,2,29
Q2111133,0,10,10
Q211136,22,0,22
Q211144,38,13,51
Q211177,5,0,5
Q211236,0,7,7
Q211274,0,6,6
Q211280,19,9,28
Q211283,25,17,42
Q211322,39,24,63
Q211346,6,4,10
Q211372,46,2,48
Q211373,37,3,40
Q211401,3,0,3
Q211414,0,8,8
Q2114149,0,5,5
Q211415,23,6,29
Q2114175,2,0,2
Q211429,41,1,42
Q211526,11,0,11
Q211553,0,7,7
Q211566,17,3,20
Q211573,3,10,13
Q2116124,13,1,14
Q211620,0,18,18
Q21163264,0,4,4
Q2116650,0,8,8
Q2116797,15,0,15
Q211690,0,6,6
Q211692,0,6,6
Q211696,19,1,20
Q211723,4,4,8
Q2117272,12,4,16
Q211731,22,0,22
Q2117397,2,3,5
Q211753,3,0,3
Q211756,3,41,44
Q21175978,0,5,5
Q211770,0,5,5
Q211773,3,0,3
Q211778,9,1,10
Q211781,4,4,8
Q211784,41,0,41
Q2117891,4,3,7
Q211831,12,2,14
Q211867,6,0,6
Q2118696,0,5,5
Q211870,9,4,13
Q211872,0,4,4
Q21188110,0,25,25
Q2119,37,2,39
Q211907,6,1,7
Q211912,5,1,6
Q21192427,0,11,11
Q2119348,31,0,31
Q21195,0,8,8
Q211950,7,2,9
Q211965,14,1,15
Q21198,0,9,9
Q21198342,0,5,5
Q211987,23,8,31
Q212,85,46,131
Q212002,19,2,21
Q21201,9,7,16
Q212026,19,7,26
Q21203,19,4,23
Q212041,46,1,47
Q212048,20,1,21
Q2120540,30,1,31
Q212064,25,12,37
Q212071,7,3,10
Q21208,13,8,21
Q212089,18,0,18
Q212098,25,0,25
Q2121056,36,0,36
Q212123,36,1,37
Q212129,38,1,39
Q212135,17,0,17
Q212145,48,0,48
Q212156,75,2,77
Q212166,8,0,8
Q212167,30,4,34
Q212206,4,0,4
Q212235,9,1,10
Q212252,13,6,19
Q212269,3,1,4
Q212282,2,0,2
Q212289,4,0,4
Q2123,10,4,14
Q212329,31,33,64
Q212405,13,0,13
Q212413,2,8,10
Q212416,0,7,7
Q212429,0,10,10
Q212434,0,45,45
Q212483,1,8,9
Q2124886,8,0,8
Q212518,20,5,25
Q212531,11,1,12
Q212533,13,2,15
Q212545,26,3,29
Q212547,0,7,7
Q212564,12,0,12
Q2126049,9,4,13
Q212654,6,2,8
Q212688,3,2,5
Q212689,39,0,39
Q212699,10,47,57
Q2127,10,1,11
Q212708,4,1,5
Q21273612,0,5,5
Q212762,46,4,50
Q212775,58,1,59
Q212790,15,12,27
Q212792,29,0,29
Q212804,35,0,35
Q212807,75,1,76
Q212826,10,2,12
Q212828,0,9,9
Q2128498,0,5,5
Q212862,4,1,5
Q212873,0,5,5
Q212886,21,6,27
Q2129100,5,0,5
Q212961,7,31,38
Q212965,43,1,44
Q212979,21,0,21
Q212980,4,9,13
Q212984,4,0,4
Q212990,17,1,18
Q212991,9,9,18
Q213,67,69,136
Q213051,2,2,4
Q213053,56,2,58
Q213081,94,1,95
Q2130828,10,0,10
Q213100,2,1,3
Q2131160,20,1,21
Q213121,4,8,12
Q2131368,17,2,19
Q2131379,0,15,15
Q213149,7,0,7
Q213180,9,2,11
Q213181,6,1,7
Q2132,12,6,18
Q213205,13,9,22
Q213208,30,0,30
Q213287,18,2,20
Q213302,30,3,33
Q213325,4,0,4
Q213326,29,1,30
Q213353,0,7,7
Q2133840,0,7,7
Q213411,42,2,44
Q213417,5,10,15
Q213425,37,2,39
Q213430,0,10,10
Q213439,38,11,49
Q213465,11,4,15
Q213474,8,4,12
Q2135,11,8,19
Q213512,50,12,62
Q213521,19,2,21
Q213538,35,0,35
Q213567,15,9,24
Q213574,12,6,18
Q213581,20,0,20
Q213611,20,0,20
Q213647,23,0,23
Q213665,3,0,3
Q213699,6,1,7
Q213706,26,3,29
Q213710,0,13,13
Q213714,3,20,23
Q2137852,0,21,21
Q213787,57,1,58
Q213793,22,2,24
Q2138,8,2,10
Q213814,8,5,13
Q2138235,8,2,10
Q213837,6,1,7
Q213864,18,6,24
Q213869,29,17,46
Q213887,33,0,33
Q213900,14,0,14
Q213923,7,2,9
Q213959,4,3,7
Q214,61,12,73
Q2140077,6,2,8
Q214013,41,0,41
Q214014,40,1,41
Q21401869,0,46,46
Q214039,16,7,23
Q214051,7,6,13
Q214066,0,5,5
Q2140674,0,19,19
Q2140778,15,0,15
Q2140930,5,0,5
Q2141,0,6,6
Q214102,5,3,8
Q2141212,23,3,26
Q214126,0,17,17
Q214151,5,0,5
Q214164,7,5,12
Q214223,20,13,33
Q214226,36,2,38
Q214289,32,7,39
Q214309,20,6,26
Q214339,0,7,7
Q214341,14,1,15
Q214346,10,14,24
Q2143665,4,72,76
Q2143781,0,10,10
Q2145,15,4,19
Q2145031,2,5,7
Q214548,28,0,28
Q214582,20,1,21
Q214601,15,2,17
Q214609,0,5,5
Q214642,42,2,44
Q214665,38,4,42
Q214677,32,14,46
Q21468097,0,5,5
Q214801,42,0,42
Q214867,10,0,10
Q214917,0,164,164
Q214940,14,0,14
Q214959,66,3,69
Q214990,12,0,12
Q214992,4,0,4
Q215,57,17,74
Q215017,17,10,27
Q215026,30,3,33
Q215072,25,15,40
Q21507383,0,5,5
Q215112,6,8,14
Q215120,22,2,24
Q215132,6,1,7
Q21515026,0,5,5
Q2151576,6,0,6
Q2151619,7,0,7
Q2151750,0,8,8
Q215182,35,2,37
Q21518270,0,29,29
Q215210,1,0,1
Q215215,66,3,69
Q2152210,0,12,12
Q2152459,8,4,12
Q215248,0,11,11
Q215258,24,0,24
Q215287,12,0,12
Q215300,31,0,31
Q215359,34,3,37
Q215366,14,5,19
Q215380,0,134,134
Q2154182,5,0,5
Q215443,9,4,13
Q2154459,0,11,11
Q215478,31,13,44
Q215481,17,0,17
Q21550346,1,4,5
Q215506,25,5,30
Q215518,55,2,57
Q215519,3,0,3
Q215523,10,3,13
Q215530,1,8,9
Q215536,8,5,13
Q215539,9,5,14
Q215546,38,2,40
Q215616,5,4,9
Q2156496,0,10,10
Q215669,1,7,8
Q215721,24,3,27
Q215733,11,2,13
Q2157353,8,11,19
Q215752,7,1,8
Q21578,31,33,64
Q215829,9,3,12
Q2158362,0,8,8
Q215849,14,6,20
Q21588796,0,4,4
Q215905,29,0,29
Q21590660,1,118,119
Q21595675,0,23,23
Q2159621,0,7,7
Q215976,29,13,42
Q216,18,1,19
Q216006,37,0,37
Q216032,3,0,3
Q216033,3,0,3
Q216048,0,12,12
Q216082,6,0,6
Q2160982,0,6,6
Q216108,1,4,5
Q216131,4,0,4
Q216153,27,6,33
Q216160,15,0,15
Q216179,26,2,28
Q216184,2,3,5
Q216195,39,1,40
Q216221,34,20,54
Q216258,5,0,5
Q2162645,9,0,9
Q216273,11,3,14
Q216288,54,2,56
Q2163,0,9,9
Q216337,2,1,3
Q216344,4,12,16
Q216364,10,87,97
Q216372,9,1,10
Q2164222,8,1,9
Q2164531,8,8,16
Q216458,0,15,15
Q216459,3,0,3
Q216510,4,0,4
Q216523,4,2,6
Q2165499,14,1,15
Q216569,16,7,23
Q2165739,0,8,8
Q216608,22,1,23
Q216611,10,0,10
Q2166359,3,2,5
Q216638,8,2,10
Q21665571,0,3,3
Q216661,3,0,3
Q2167,10,3,13
Q216720,54,0,54
Q2167384,0,16,16
Q216748,13,1,14
Q216773,5,0,5
Q216774,0,5,5
Q216793,13,4,17
Q216802,0,4,4
Q21680663,1,6,7
Q216820,8,4,12
Q216919,41,1,42
Q216930,0,12,12
Q21693433,0,5,5
Q216936,39,4,43
Q216961,5,4,9
Q216986,19,0,19
Q217,45,12,57
Q217004,0,5,5
Q217008,36,0,36
Q217010,36,0,36
Q217020,52,2,54
Q217037,18,23,41
Q217039,9,1,10
Q217110,27,7,34
Q217112,31,2,33
Q21711493,0,4,4
Q2171187,3,2,5
Q21713103,0,20,20
Q217137,15,13,28
Q217160,73,1,74
Q217182,40,0,40
Q217191,4,41,45
Q217196,1,5,6
Q217199,0,3,3
Q217220,48,2,50
Q217227,0,9,9
Q217232,29,0,29
Q217263,11,1,12
Q217280,25,2,27
Q217298,22,3,25
Q217324,0,6,6
Q2173366,0,5,5
Q217346,8,5,13
Q217427,27,1,28
Q217467,4,40,44
Q2175092,0,13,13
Q217552,48,0,48
Q217557,58,2,60
Q217573,17,12,29
Q217577,5,0,5
Q217583,15,4,19
Q217597,2,5,7
Q217619,45,2,47
Q217627,41,0,41
Q217679,15,1,16
Q217741,22,1,23
Q217776,8,0,8
Q217787,43,2,45
Q217831,8,1,9
Q218,77,34,111
Q218023,9,0,9
Q218035,26,3,29
Q218038,8,5,13
Q218074,4,0,4
Q218083,18,1,19
Q218091,61,1,62
Q218122,17,4,21
Q218172,52,0,52
Q218210,0,5,5
Q218235,45,2,47
Q218255,22,2,24
Q218282,17,1,18
Q2183,0,8,8
Q218372,4,0,4
Q2184,23,12,35
Q218425,0,9,9
Q218503,22,21,43
Q218506,13,0,13
Q218532,21,7,28
Q218542,10,5,15
Q218567,22,2,24
Q218589,56,0,56
Q218642,116,2,118
Q21866918,0,5,5
Q21866939,0,7,7
Q218678,2,15,17
Q218718,27,6,33
Q2187392,3,3,6
Q2187693,12,0,12
Q21877402,0,6,6
Q218800,0,7,7
Q218883,4,0,4
Q218894,55,1,56
Q218992,22,1,23
Q218999,46,2,48
Q219,72,24,96
Q219060,2,14,16
Q219070,0,6,6
Q219098,3,0,3
Q219124,43,14,57
Q219135,0,21,21
Q219150,43,1,44
Q219233,5,0,5
Q219235,5,0,5
Q219241,5,2,7
Q219315,34,2,36
Q219373,20,14,34
Q219400,12,83,95
Q219402,21,4,25
Q219420,44,1,45
Q219421,24,2,26
Q219424,28,0,28
Q21946879,0,5,5
Q219507,0,8,8
Q219508,16,1,17
Q219512,21,9,30
Q219521,21,4,25
Q219526,6,2,8
Q219546,52,18,70
Q219557,1,5,6
Q219563,24,12,36
Q219577,0,14,14
Q219602,4,1,5
Q219625,7,3,10
Q219631,27,1,28
Q219635,0,19,19
Q219640,25,6,31
Q219653,14,5,19
Q219655,19,11,30
Q219656,13,9,22
Q219714,5,2,7
Q219717,11,8,19
Q219772,23,0,23
Q219776,46,0,46
Q219780,17,3,20
Q219810,29,2,31
Q2198146,4,0,4
Q219854,3,0,3
Q21995136,0,87,87
Q21995139,0,93,93
Q22,39,46,85
Q220,41,72,113
Q22006653,0,1734,1734
Q220072,0,7,7
Q220098,3,0,3
Q2201,37,0,37
Q220140,13,0,13
Q220144,11,0,11
Q220192,66,0,66
Q22026422,1,5,6
Q220308,37,21,58
Q220317,6,0,6
Q220335,12,16,28
Q220376,34,0,34
Q220396,13,6,19
Q2204,0,81,81
Q220423,37,0,37
Q22048,30,7,37
Q220499,1,0,1
Q220515,26,0,26
Q220536,16,7,23
Q220570,5,4,9
Q220584,18,9,27
Q220591,34,0,34
Q220621,10,0,10
Q220698,17,14,31
Q220713,38,0,38
Q220730,6,2,8
Q220735,40,1,41
Q220751,31,13,44
Q220780,47,0,47
Q220830,3,2,5
Q220834,0,8,8
Q220836,28,5,33
Q220883,39,7,46
Q220901,29,12,41
Q220918,18,6,24
Q22092344,2,6,8
Q220949,12,5,17
Q220955,38,0,38
Q220971,3,3,6
Q221,53,9,62
Q22101947,0,17,17
Q221048,27,0,27
Q221068,0,6,6
Q221075,31,0,31
Q221090,36,0,36
Q221103,25,3,28
Q221104,30,0,30
Q221109,30,0,30
Q221113,64,0,64
Q22111761,0,8,8
Q221150,8,1,9
Q221155,21,1,22
Q221168,58,0,58
Q221178,0,4,4
Q2212,0,83,83
Q22120066,0,58,58
Q22120095,0,43,43
Q221236,42,0,42
Q221249,45,0,45
Q2213391,5,3,8
Q221341,21,0,21
Q221345,49,1,50
Q221384,55,1,56
Q221462,37,2,39
Q221464,22,3,25
Q221467,5,1,6
Q221468,19,0,19
Q221482,22,0,22
Q221491,50,2,52
Q22151,13,3,16
Q221525,5,1,6
Q221530,5,2,7
Q221535,20,0,20
Q221586,45,0,45
Q221587,22,0,22
Q221594,56,0,56
Q221602,4,0,4
Q221626,5,3,8
Q221635,1,0,1
Q221645,13,1,14
Q221653,15,0,15
Q2216535,2,16,18
Q2216597,9,8,17
Q221668,9,3,12
Q221772,7,1,8
Q221820,41,0,41
Q221852,29,0,29
Q221878,4,0,4
Q221882,11,1,12
Q221927,3,2,5
Q2219286,5,0,5
Q221940,3,0,3
Q222,62,19,81
Q222008,26,6,32
Q222023,47,0,47
Q222041,33,2,35
Q222047,0,9,9
Q222052,2,5,7
Q222071,33,2,35
Q22212873,0,7,7
Q2221906,1,5,6
Q222344,7,100,107
Q22235305,0,31,31
Q22235329,1,78,79
Q2223675,16,0,16
Q222461,8,1,9
Q22253131,0,100,100
Q22253133,0,114,114
Q222595,8,1,9
Q2226293,17,0,17
Q222639,0,14,14
Q222695,3,1,4
Q22272,12,0,12
Q222720,51,0,51
Q222738,11,2,13
Q222749,0,215,215
Q2227969,16,0,16
Q222800,49,1,50
Q222837,3,1,4
Q222867,35,2,37
Q222926,2,0,2
Q223,1,7,8
Q223033,19,6,25
Q223091,25,25,50
Q223102,11,2,13
Q223110,20,23,43
Q223117,24,16,40
Q223139,48,2,50
Q22316,34,1,35
Q223161,23,1,24
Q223177,3,0,3
Q223193,0,5,5
Q223233,41,11,52
Q223243,4,0,4
Q223262,5,0,5
Q223270,0,6,6
Q223281,27,14,41
Q223299,40,2,42
Q223303,11,7,18
Q223313,0,6,6
Q223316,30,1,31
Q223336,4,1,5
Q22335251,0,4,4
Q223360,4,0,4
Q223367,135,2,137
Q22336956,0,8,8
Q223374,32,0,32
Q223393,0,11,11
Q223429,17,4,21
Q22343421,0,6,6
Q22344608,0,64,64
Q223507,4,0,4
Q223514,4,1,5
Q223522,4,0,4
Q223527,4,2,6
Q223559,45,1,46
Q223591,3,0,3
Q223685,1,1,2
Q223687,31,18,49
Q223703,0,21,21
Q223727,6,0,6
Q223728,4,0,4
Q223740,0,5,5
Q223745,13,17,30
Q223748,4,0,4
Q223769,24,0,24
Q223770,1,4,5
Q223786,12,9,21
Q223790,16,8,24
Q2238008,12,2,14
Q223813,4,0,4
Q2238236,4,2,6
Q223830,16,16,32
Q223832,0,6,6
Q223875,23,5,28
Q223884,29,1,30
Q223887,46,0,46
Q223936,0,9,9
Q223977,92,3,95
Q223985,30,6,36
Q223988,0,9,9
Q223992,26,10,36
Q224,62,24,86
Q224004,22,0,22
Q224026,20,16,36
Q224069,47,1,48
Q224081,14,15,29
Q2240987,0,6,6
Q224117,17,0,17
Q224130,39,2,41
Q224159,25,21,46
Q224164,6,1,7
Q224187,29,0,29
Q22424,20,6,26
Q22432,36,2,38
Q224650,70,1,71
Q224700,0,22,22
Q2247186,0,5,5
Q224754,25,5,30
Q224989,2,3,5
Q225,53,17,70
Q225085,0,6,6
Q2251,13,0,13
Q2252,29,2,31
Q2252262,0,89,89
Q2254193,0,6,6
Q2254427,0,6,6
Q225509,15,10,25
Q225519,8,2,10
Q2255525,11,0,11
Q2256,20,20,40
Q2256407,5,2,7
Q225654,8,0,8
Q225657,16,5,21
Q225916,26,0,26
Q225933,0,7,7
Q2259451,1,1000,1001
Q22595,15,0,15
Q2260058,0,7,7
Q2260913,0,9,9
Q2261430,0,8,8
Q2262157,0,9,9
Q2262850,0,5,5
Q2263,70,47,117
Q22645,5,0,5
Q2264873,8,0,8
Q22649,0,5,5
Q2264924,0,52,52
Q2265203,13,0,13
Q22656,10,0,10
Q2265719,4,9,13
Q22662561,0,10,10
Q22669,1,14,15
Q22670,50,4,54
Q226730,2,7,9
Q2267705,0,14,14
Q2268159,3,0,3
Q22686,57,2,59
Q22687,0,5,5
Q2268922,4,1,5
Q22690,20,2,22
Q22699,0,13,13
Q227,54,16,70
Q22704603,0,6,6
Q2270687,0,8,8
Q22707,3,0,3
Q2271049,18,0,18
Q22711,1,11,12
Q227123,0,8,8
Q2272100,0,5,5
Q22752734,0,15,15
Q22752811,0,42,42
Q22752868,0,72,72
Q2276547,0,5,5
Q2277,0,18,18
Q2277860,0,6,6
Q2278195,7,1,8
Q2278254,0,5,5
Q2278256,0,10,10
Q2278533,0,8,8
Q228,38,11,49
Q2280,26,2,28
Q2280497,4,10,14
Q22811234,0,6,6
Q2281409,0,6,6
Q2281662,0,12,12
Q228186,69,3,72
Q2283,24,13,37
Q2283527,0,6,6
Q2283665,3,4,7
Q228405,7,2,9
Q2284236,16,1,17
Q2284765,9,1,10
Q2285706,0,6,6
Q228585,24,0,24
Q228598,18,4,22
Q228638,0,6,6
Q228645,21,7,28
Q228650,22,5,27
Q228692,22,12,34
Q228717,29,9,38
Q228725,22,7,29
Q228733,30,5,35
Q228739,22,4,26
Q2287397,34,0,34
Q228747,21,9,30
Q228755,20,3,23
Q228766,0,5,5
Q2287759,3,0,3
Q228787,45,7,52
Q228789,14,8,22
Q228792,28,4,32
Q228852,22,19,41
Q228860,21,0,21
Q228862,12,6,18
Q228865,0,7,7
Q228871,11,11,22
Q2288792,9,0,9
Q228882,13,6,19
Q22889,21,4,25
Q228893,0,6,6
Q22890,9,4,13
Q228906,16,4,20
Q228909,30,2,32
Q228925,17,2,19
Q228928,0,5,5
Q228931,20,7,27
Q228943,0,6,6
Q2289786,1,0,1
Q229,59,22,81
Q229009,15,6,21
Q229011,0,9,9
Q229013,22,8,30
Q229018,32,1,33
Q229029,16,10,26
Q229034,15,4,19
Q229042,14,9,23
Q229048,0,6,6
Q22905,12,4,16
Q229050,17,4,21
Q229056,25,5,30
Q229059,11,8,19
Q229108,0,5,5
Q229112,0,8,8
Q229134,20,12,32
Q229137,0,8,8
Q229166,0,5,5
Q229169,14,8,22
Q229176,18,4,22
Q22917729,0,23,23
Q229181,29,17,46
Q229197,15,5,20
Q229205,2,8,10
Q229211,14,2,16
Q229220,14,6,20
Q229228,23,6,29
Q229230,24,6,30
Q2292320,2,4,6
Q229234,18,5,23
Q229241,15,13,28
Q229249,0,5,5
Q229254,19,14,33
Q229258,20,7,27
Q229263,17,2,19
Q229266,0,6,6
Q229268,17,13,30
Q229271,31,12,43
Q229291,22,8,30
Q2293,85,1,86
Q229305,43,13,56
Q229313,19,14,33
Q229319,15,4,19
Q229325,20,4,24
Q229347,19,0,19
Q229349,17,4,21
Q229364,22,3,25
Q229369,16,6,22
Q229375,39,2,41
Q229379,25,3,28
Q229389,18,2,20
Q229390,0,74,74
Q229394,0,6,6
Q229410,16,12,28
Q229411,0,5,5
Q229430,19,2,21
Q22943994,0,8,8
Q229440,14,2,16
Q229459,7,1,8
Q2294693,27,26,53
Q22947,0,13,13
Q2294705,26,11,37
Q229477,16,6,22
Q229487,50,16,66
Q229498,24,1,25
Q2295011,0,13,13
Q2295041,25,16,41
Q229507,20,2,22
Q229535,17,16,33
Q2295429,11,2,13
Q229545,19,1,20
Q229560,14,6,20
Q229572,21,4,25
Q229577,13,3,16
Q229599,45,1,46
Q229603,53,0,53
Q2296147,0,6,6
Q229633,20,0,20
Q2296495,3,0,3
Q229669,0,5,5
Q2297042,5,0,5
Q2297044,4,1,5
Q2297053,3,0,3
Q229714,21,5,26
Q229749,20,7,27
Q2297608,0,5,5
Q229766,15,6,21
Q229775,20,15,35
Q2297757,1,4,5
Q229784,20,14,34
Q2297927,4,63,67
Q229808,43,0,43
Q22981906,0,19,19
Q2298323,9,0,9
Q2298387,6,0,6
Q229914,9,3,12
Q2299378,20,0,20
Q229952,14,5,19
Q229957,22,9,31
Q229975,13,3,16
Q229979,11,6,17
Q23,48,16,64
Q230,61,9,70
Q230004,0,8,8
Q23002039,0,180,180
Q23002054,0,196,196
Q230023,22,4,26
Q2300341,26,0,26
Q230035,13,5,18
Q2300423,2,0,2
Q230045,15,2,17
Q230109,11,7,18
Q230126,15,2,17
Q230131,33,14,47
Q230136,0,5,5
Q230151,32,8,40
Q2301679,3,0,3
Q230169,14,1,15
Q230184,23,5,28
Q230188,28,6,34
Q230190,19,8,27
Q230203,40,9,49
Q2302133,2,2,4
Q230218,19,4,23
Q2302280,11,2,13
Q2302311,15,3,18
Q2302319,8,2,10
Q2302336,15,3,18
Q230262,3,5,8
Q230268,19,8,27
Q230278,17,14,31
Q230308,22,13,35
Q230320,13,6,19
Q23034377,0,5,5
Q2303493,3,0,3
Q2303536,14,0,14
Q2303715,2,0,2
Q2303765,8,0,8
Q230378,28,11,39
Q230383,11,12,23
Q230420,18,3,21
Q2304429,15,0,15
Q230448,27,6,33
Q230454,57,3,60
Q230484,34,0,34
Q2304909,1,2,3
Q230492,34,14,48
Q23051,9,6,15
Q230510,9,9,18
Q2305208,0,20,20
Q230523,17,7,24
Q230534,18,7,25
Q230552,39,0,39
Q2305609,5,0,5
Q230563,0,6,6
Q23058,0,6,6
Q23058979,0,8,8
Q2305987,2,1,3
Q2306,29,21,50
Q230601,27,0,27
Q230605,0,5,5
Q2306091,1,11,12
Q230632,20,2,22
Q230636,19,8,27
Q23064,16,3,19
Q230641,13,4,17
Q23066,11,2,13
Q230665,15,2,17
Q2306995,25,0,25
Q230710,0,5,5
Q23072512,0,10,10
Q230736,0,5,5
Q230739,24,0,24
Q23077,12,1,13
Q230779,10,4,14
Q23079,12,3,15
Q230791,18,10,28
Q230796,4,1,5
Q23080,6,2,8
Q23082,9,3,12
Q2308234,0,11,11
Q23083,6,4,10
Q230832,0,6,6
Q230841,19,5,24
Q2308444,0,5,5
Q23086,10,2,12
Q23088,5,3,8
Q230899,20,4,24
Q23090,16,4,20
Q23091,0,9,9
Q23092,8,4,12
Q23095,9,2,11
Q23098,17,5,22
Q23099,5,5,10
Q230993,19,6,25
Q231,1,5,6
Q23100,8,2,10
Q231002,0,6,6
Q231004,16,4,20
Q231006,12,8,20
Q23103,12,4,16
Q23105,11,5,16
Q23106,13,2,15
Q23109,11,10,21
Q23111,12,5,17
Q23112,16,2,18
Q231128,0,7,7
Q23115,10,6,16
Q231163,12,10,22
Q2311775,0,5,5
Q231182,21,1,22
Q231197,12,2,14
Q231203,14,11,25
Q231221,21,4,25
Q23124,10,1,11
Q2312410,0,17,17
Q231249,0,6,6
Q231259,46,3,49
Q231286,34,1,35
Q23129,0,5,5
Q231310,0,5,5
Q23135,0,5,5
Q231382,15,13,28
Q231391,23,1,24
Q2313940,0,8,8
Q23140,14,5,19
Q231401,0,5,5
Q231417,24,1,25
Q23143,0,5,5
Q231438,0,7,7
Q231472,23,0,23
Q23148,17,3,20
Q2314842,0,5,5
Q23154,20,15,35
Q23156,12,5,17
Q23157,14,4,18
Q2315802,2,4,6
Q231584,0,5,5
Q23159,11,5,16
Q231595,16,3,19
Q231614,0,6,6
Q231622,0,6,6
Q231648,14,3,17
Q23165,14,4,18
Q23169,0,14,14
Q231694,10,52,62
Q231739,0,5,5
Q231751,0,5,5
Q231765,9,3,12
Q231807,11,3,14
Q231811,27,6,33
Q23183,8,7,15
Q2318968,25,2,27
Q231911,0,5,5
Q231942,43,1,44
Q2319420,9,1,10
Q23197,15,39,54
Q232,52,9,61
Q232000,41,0,41
Q23204,12,9,21
Q232047,19,5,24
Q232052,23,2,25
Q232059,28,5,33
Q232072,24,5,29
Q232098,14,6,20
Q232101,13,1,14
Q232104,19,10,29
Q232109,20,2,22
Q232120,29,7,36
Q23215,53,4,57
Q232163,0,5,5
Q2321706,6,6,12
Q2321734,2,12,14
Q232187,10,2,12
Q23220,17,7,24
Q232214,37,0,37
Q232226,4,1,5
Q232282,21,6,27
Q23229,18,6,24
Q232304,0,5,5
Q232307,10,4,14
Q232333,20,3,23
Q23239,9,0,9
Q2323986,13,0,13
Q23240,16,12,28
Q232414,0,5,5
Q2324150,0,8,8
Q232419,0,6,6
Q232451,8,2,10
Q232456,25,7,32
Q232477,11,4,15
Q232495,19,2,21
Q232511,12,7,19
Q232520,15,6,21
Q232538,27,3,30
Q232562,26,2,28
Q2325642,0,9,9
Q232571,0,6,6
Q232592,23,1,24
Q23261,0,7,7
Q232641,0,3,3
Q232642,0,5,5
Q232674,0,7,7
Q2326925,0,6,6
Q232737,45,1,46
Q2327515,0,7,7
Q23276,18,13,31
Q232774,67,0,67
Q232837,0,6,6
Q232851,0,6,6
Q232860,0,13,13
Q232863,19,2,21
Q23287,9,2,11
Q232889,7,8,15
Q2329,14,8,22
Q232902,19,12,31
Q232910,10,3,13
Q232917,16,8,24
Q232927,1,6,7
Q23293,5,1,6
Q232933,0,9,9
Q232941,19,3,22
Q232945,0,5,5
Q2329480,0,3,3
Q232959,16,7,23
Q232965,15,4,19
Q232968,0,5,5
Q23298,12,12,24
Q232985,22,6,28
Q232990,16,1,17
Q233,54,26,80
Q23301,34,8,42
Q233022,0,5,5
Q233027,12,4,16
Q233038,0,5,5
Q233046,22,2,24
Q233054,14,8,22
Q23306,18,17,35
Q233085,0,3,3
Q2331,18,20,38
Q23311,13,3,16
Q2331177,0,13,13
Q233129,9,8,17
Q233237,0,5,5
Q233253,25,3,28
Q2332751,3,8,11
Q233309,2,4,6
Q233313,0,10,10
Q233324,0,7,7
Q2333358,3,0,3
Q233347,11,8,19
Q233365,28,13,41
Q233368,12,8,20
Q23337,15,15,30
Q233433,0,5,5
Q2334526,0,6,6
Q233457,0,5,5
Q23346,6,5,11
Q233464,47,2,49
Q233466,14,9,23
Q2334893,0,5,5
Q233495,0,6,6
Q233502,11,13,24
Q2335359,0,5,5
Q233536,0,5,5
Q233546,12,4,16
Q233563,0,12,12
Q23359,15,5,20
Q233593,0,6,6
Q233611,0,81,81
Q233619,14,3,17
Q2336453,18,0,18
Q23365,37,13,50
Q2336530,3,0,3
Q23366230,0,3,3
Q2336819,3,4,7
Q233739,15,3,18
Q233742,0,6,6
Q233748,19,1,20
Q233762,0,7,7
Q233786,0,11,11
Q233801,0,5,5
Q2338071,0,13,13
Q2338107,0,21,21
Q233817,26,2,28
Q233826,12,6,18
Q233852,23,1,24
Q233854,34,1,35
Q233862,20,4,24
Q233868,18,11,29
Q233873,16,8,24
Q233882,14,14,28
Q2338889,4,39,43
Q233892,9,1,10
Q233922,11,7,18
Q23395,46,0,46
Q23397,0,5,5
Q23400,0,18,18
Q23403,8,1,9
Q234030,20,4,24
Q23404,14,2,16
Q234053,8,3,11
Q23406,1,4,5
Q234061,11,0,11
Q2340668,2,13,15
Q234068,19,5,24
Q23407,3,2,5
Q234080,13,11,24
Q2341039,6,0,6
Q234120,0,5,5
Q234128,15,12,27
Q234131,15,7,22
Q234137,17,3,20
Q234141,14,11,25
Q234142,0,5,5
Q234144,22,9,31
Q2341602,15,2,17
Q234169,33,2,35
Q234178,9,0,9
Q234195,20,10,30
Q234204,12,6,18
Q234207,0,7,7
Q234212,26,6,32
Q234220,0,5,5
Q2342292,0,10,10
Q23425,0,8,8
Q2342548,6,0,6
Q234277,4,1,5
Q234321,0,5,5
Q23434,36,8,44
Q234344,0,5,5
Q23436,32,26,58
Q234360,34,4,38
Q23442,7,22,29
Q23443,7,5,12
Q234434,0,8,8
Q234438,0,5,5
Q23444,7,19,26
Q23445,0,6,6
Q234453,5,0,5
Q2344673,0,5,5
Q234471,14,10,24
Q234474,0,5,5
Q234514,13,5,18
Q234529,0,11,11
Q234544,0,6,6
Q234551,16,6,22
Q234564,11,2,13
Q234566,2,3,5
Q234591,27,0,27
Q234598,28,0,28
Q234610,27,5,32
Q234647,0,5,5
Q23466,14,4,18
Q234679,29,11,40
Q234685,20,0,20
Q234691,27,1,28
Q234693,30,1,31
Q234695,21,3,24
Q234700,31,10,41
Q234715,10,3,13
Q2347152,11,0,11
Q234716,19,0,19
Q2347318,0,9,9
Q2347669,0,8,8
Q234778,17,5,22
Q2347975,0,4,4
Q234798,37,14,51
Q234809,0,7,7
Q2348108,0,9,9
Q23482,17,12,29
Q234847,0,7,7
Q23485,12,12,24
Q234883,12,3,15
Q234891,44,0,44
Q234928,0,5,5
Q234961,20,19,39
Q234983,0,6,6
Q235,39,21,60
Q235002,14,6,20
Q23501,11,16,27
Q235020,21,10,31
Q235034,31,2,33
Q23505,64,4,68
Q235066,37,2,39
Q235072,0,5,5
Q235077,28,20,48
Q2350830,9,2,11
Q2350896,0,21,21
Q235141,0,6,6
Q235155,0,5,5
Q23517,31,11,42
Q235189,20,4,24
Q235198,14,7,21
Q235216,15,0,15
Q23522,0,8,8
Q235221,0,7,7
Q235252,19,0,19
Q235272,11,5,16
Q235289,19,0,19
Q235302,16,10,26
Q235305,0,8,8
Q235326,7,2,9
Q235328,22,4,26
Q235347,45,0,45
Q235351,13,3,16
Q23537577,0,7,7
Q2353921,15,0,15
Q235399,5,1,6
Q23540,8,53,61
Q235411,3,0,3
Q23547,30,18,48
Q235478,19,9,28
Q23548,13,2,15
Q235503,15,5,20
Q235511,39,10,49
Q235519,0,5,5
Q235555,0,10,10
Q23556,25,70,95
Q235572,9,8,17
Q23558,175,1,176
Q23559,32,1,33
Q235607,0,5,5
Q235622,15,10,25
Q23567,87,5,92
Q235707,0,5,5
Q23572,74,3,77
Q235721,17,6,23
Q235725,0,6,6
Q235754,12,2,14
Q235759,26,6,32
Q2357620,0,18,18
Q23577,28,0,28
Q2357791,0,5,5
Q2358089,0,11,11
Q2358400,0,7,7
Q235858,1,17,18
Q2358684,20,0,20
Q235870,0,9,9
Q23589,11,0,11
Q235905,0,9,9
Q23594,44,0,44
Q235952,24,0,24
Q235989,13,7,20
Q236,50,12,62
Q236006,6,0,6
Q236010,15,6,21
Q236074,0,5,5
Q23609,100,0,100
Q236097,0,6,6
Q236118,0,5,5
Q236125,19,5,24
Q23614,13,0,13
Q236151,0,6,6
Q236167,0,6,6
Q236181,14,8,22
Q236189,13,11,24
Q236217,34,1,35
Q236247,0,6,6
Q236250,15,12,27
Q23628,87,2,89
Q236300,14,3,17
Q236309,17,3,20
Q23633,8,56,64
Q23635,25,2,27
Q236399,12,7,19
Q236402,11,2,13
Q236434,0,9,9
Q236463,0,6,6
Q236472,9,5,14
Q236475,0,5,5
Q236479,0,5,5
Q2364867,15,0,15
Q236527,21,10,31
Q23653,1,5,6
Q236569,9,3,12
Q23661,14,17,31
Q236626,0,6,6
Q23666,7,4,11
Q236696,12,6,18
Q236702,12,4,16
Q236711,22,6,28
Q2367175,33,3,36
Q236728,25,1,26
Q236766,0,6,6
Q23681,0,5,5
Q236822,0,5,5
Q236829,17,2,19
Q236837,4,3,7
Q236842,15,8,23
Q236846,0,6,6
Q23685,45,7,52
Q236875,12,3,15
Q236913,4,6,10
Q236918,0,5,5
Q2369237,0,6,6
Q236932,4,6,10
Q237,35,17,52
Q23702848,0,7,7
Q23705356,0,7,7
Q237072,20,1,21
Q2370801,0,8,8
Q237115,0,5,5
Q237134,42,1,43
Q2371372,0,5,5
Q237178,19,1,20
Q237190,8,5,13
Q237194,17,3,20
Q237207,17,27,44
Q237214,18,4,22
Q237215,41,1,42
Q23722,20,1,21
Q237226,0,7,7
Q237253,13,0,13
Q23728,34,8,42
Q23733,22,3,25
Q237335,0,4,4
Q237354,16,0,16
Q23739,3,27,30
Q2374149,0,5,5
Q237530,13,1,14
Q237534,19,4,23
Q23756432,1,5,6
Q237579,0,6,6
Q237594,0,7,7
Q23760,23,5,28
Q23760244,0,6,6
Q237659,0,17,17
Q2376648,0,8,8
Q23768,10,28,38
Q23773993,0,5,5
Q23776824,0,6,6
Q237774,0,5,5
Q237778,0,5,5
Q237781,0,5,5
Q237805,15,0,15
Q237809,9,4,13
Q2378505,3,0,3
Q23788180,0,7,7
Q237896,11,3,14
Q237904,0,5,5
Q2379199,0,7,7
Q238,33,7,40
Q23800,13,2,15
Q238052,17,8,25
Q238081,60,5,65
Q238095,3,2,5
Q23810,0,5,5
Q238101,31,18,49
Q238117,0,6,6
Q23814,22,3,25
Q23831,40,4,44
Q2383208,0,5,5
Q238327,0,5,5
Q238356,0,5,5
Q2383623,15,0,15
Q238425,0,6,6
Q238438,0,5,5
Q23844,55,39,94
Q238464,15,10,25
Q23848,42,8,50
Q238483,16,2,18
Q238486,0,5,5
Q23858,0,10,10
Q2385804,0,9,9
Q238593,6,1,7
Q2386070,3,5,8
Q2386182,10,0,10
Q238638,16,14,30
Q238671,8,8,16
Q238819,33,3,36
Q23884,15,1,16
Q238855,15,7,22
Q238866,27,0,27
Q238877,14,6,20
Q238884,19,4,23
Q23891,0,6,6
Q238912,15,5,20
Q238919,21,2,23
Q238924,20,8,28
Q23894967,0,5,5
Q2389651,3,2,5
Q23898972,0,5,5
Q239,0,7,7
Q23901,9,1,10
Q2390139,5,0,5
Q2390402,18,0,18
Q239046,0,9,9
Q2390478,0,5,5
Q239069,16,7,23
Q239074,12,0,12
Q239075,9,4,13
Q239145,17,11,28
Q2392121,13,0,13
Q2392515,5,0,5
Q23927006,0,6,6
Q239296,35,0,35
Q239328,0,6,6
Q239341,0,5,5
Q239389,8,0,8
Q2394603,0,9,9
Q239464,26,3,29
Q2395069,0,6,6
Q2395126,4,1,5
Q239520,3,1,4
Q239528,3,0,3
Q239549,3,0,3
Q23958341,0,36,36
Q239587,24,2,26
Q2396028,0,6,6
Q2396324,0,6,6
Q239818,14,1,15
Q239825,0,6,6
Q239870,16,2,18
Q2399424,2,0,2
Q23999279,0,9,9
Q2400678,6,1,7
Q240201,5,3,8
Q24038862,0,6,6
Q240436,12,6,18
Q240438,3,0,3
Q240444,3,0,3
Q2404568,3,0,3
Q24051550,0,9,9
Q24051551,0,22,22
Q24051552,0,9,9
Q240523,31,1,32
Q2405352,1,8,9
Q2405480,3,1007,1010
Q2405781,0,5,5
Q240620,0,5,5
Q240658,0,5,5
Q24067397,0,5,5
Q2407,0,8,8
Q240713,31,1,32
Q240714,10,0,10
Q240744,0,5,5
Q24075,47,0,47
Q24076563,0,5,5
Q240767,15,4,19
Q240774,0,7,7
Q240783,138,35,173
Q2407862,2,9,11
Q240804,5,8,13
Q2408653,1,0,1
Q240869,21,4,25
Q240872,21,15,36
Q2408776,3,0,3
Q2408777,5,0,5
Q240933,30,4,34
Q240937,26,0,26
Q241,44,25,69
Q2410088,13,3,16
Q2410539,2,1,3
Q241085,43,0,43
Q2411441,11,8,19
Q241149,4,0,4
Q241160,0,5,5
Q241218,41,0,41
Q2412586,14,2,16
Q241280,2,2,4
Q2412823,13,0,13
Q241317,0,5,5
Q2413622,5,0,5
Q24137,0,15,15
Q241372,0,5,5
Q2413805,11,1,12
Q241391,26,0,26
Q2414216,5,0,5
Q2414252,16,15,31
Q2414469,7,0,7
Q241471,0,9,9
Q241482,41,0,41
Q2414873,5,16,21
Q241510,15,7,22
Q2415769,0,6,6
Q2415901,0,23,23
Q241620,0,5,5
Q241646,15,0,15
Q241662,6,2,8
Q241692,1,4,5
Q2417149,10,8,18
Q241800,0,7,7
Q241808,7,3,10
Q2418096,0,10,10
Q2418495,1,11,12
Q241864,1,8,9
Q2419093,32,0,32
Q2419102,0,5,5
Q242,45,7,52
Q242015,0,6,6
Q2420151,1,3,4
Q24204630,1,4,5
Q2420755,0,5,5
Q2421031,3,47,50
Q242119,4,0,4
Q242208,0,5,5
Q242260,4,0,4
Q2422622,0,14,14
Q242329,25,2,27
Q242345,0,51,51
Q24238835,0,5,5
Q24241,0,25,25
Q242446,15,22,37
Q2424752,1,8,9
Q2424994,0,5,5
Q242523,0,5,5
Q242550,0,5,5
Q242552,0,9,9
Q242555,1,4,5
Q242557,0,6,6
Q242596,12,0,12
Q242643,0,4,4
Q242650,12,3,15
Q242707,24,11,35
Q242717,21,7,28
Q242729,23,3,26
Q2427544,0,5,5
Q242763,0,8,8
Q24279418,0,7,7
Q242805,0,6,6
Q242924,13,1,14
Q242951,0,8,8
Q243007,6,1,7
Q24301658,0,12,12
Q2432123,0,5,5
Q24328195,0,7,7
Q2434354,0,5,5
Q243439,31,0,31
Q2434817,0,6,6
Q2435305,0,6,6
Q243610,0,9,9
Q243630,0,5,5
Q243643,41,0,41
Q2437145,21,0,21
Q2437689,0,5,5
Q2438420,0,5,5
Q2438469,0,7,7
Q2438510,3,0,3
Q2438541,0,7,7
Q2439025,2,14,16
Q243983,38,0,38
Q243998,1,0,1
Q244,49,8,57
Q244025,7,7,14
Q244039,3,1,4
Q244146,7,5,12
Q244234,31,18,49
Q2442401,0,13,13
Q244247,24,0,24
Q2442555,0,5,5
Q244257,29,0,29
Q244278,0,6,6
Q244315,37,0,37
Q244317,4,0,4
Q244333,42,0,42
Q244398,51,0,51
Q244441,31,2,33
Q244448,37,1,38
Q244604,47,0,47
Q244674,0,10,10
Q244678,12,7,19
Q2446795,0,6,6
Q2447078,0,23,23
Q2447488,9,2,11
Q2447719,3,0,3
Q2447844,5,1,6
Q2447922,0,9,9
Q244803,134,1,135
Q244822,2,1,3
Q2449,8,1,9
Q244931,31,0,31
Q2449634,7,3,10
Q244975,40,1,41
Q245022,17,0,17
Q245065,0,8,8
Q245068,8,307,315
Q245075,18,4,22
Q2450848,11,43,54
Q245172,32,0,32
Q245188,1,0,1
Q245208,38,1,39
Q2452126,13,3,16
Q245227,36,0,36
Q245247,23,10,33
Q245271,37,0,37
Q245282,0,7,7
Q2454247,8,0,8
Q2454427,0,6,6
Q2454742,0,7,7
Q2456777,12,0,12
Q245808,1,8,9
Q24603,6,2,8
Q2460693,11,1,12
Q246154,0,9,9
Q24616,0,7,7
Q2462064,4,17,21
Q24632,25,7,32
Q24639,15,80,95
Q2465518,21,2,23
Q2465832,0,13,13
Q2467,5,1,6
Q246711,31,0,31
Q246782,4,3,7
Q24680,5,0,5
Q2468138,14,2,16
Q24689,3,0,3
Q24692255,0,5,5
Q2469336,0,5,5
Q246972,3,4,7
Q24699,3,0,3
Q2469967,0,5,5
Q24699898,0,7,7
Q247032,0,6,6
Q24711,5,0,5
Q247182,32,0,32
Q24719,3,0,3
Q2472587,0,8,8
Q247293,30,6,36
Q247312,18,0,18
Q247470,24,1,25
Q247489,8,0,8
Q2475653,15,2,17
Q2475741,13,1,14
Q247577,5,0,5
Q247731,3,0,3
Q2478141,0,8,8
Q247915,0,6,6
Q248,22,2,24
Q24815,44,1,45
Q248179,13,9,22
Q248188,3,4,7
Q248207,27,1,28
Q24826,13,17,30
Q2482872,5,5,10
Q24829,42,12,54
Q2483321,8,3,11
Q248354,23,0,23
Q2484170,8,0,8
Q2484376,0,229,229
Q2484680,0,23,23
Q24852568,0,5,5
Q248534,0,8,8
Q2485680,0,6,6
Q248583,2,8,10
Q24861,23,11,34
Q24862,4,0,4
Q248688,6,0,6
Q24869,2,53,55
Q2487,8,10,18
Q24871,60,1,61
Q248713,7,4,11
Q2487180,0,9,9
Q24879,20,3,23
Q248837,20,2,22
Q248970,8,29,37
Q2490358,1,27,28
Q24904,5,0,5
Q24904778,0,2,2
Q2491464,10,4,14
Q24925,3,67,70
Q249350,31,0,31
Q249397,4,1,5
Q2495519,10,2,12
Q2495783,0,6,6
Q2495809,0,5,5
Q2495858,0,10,10
Q2495863,0,4,4
Q24962,22,2,24
Q249643,4,0,4
Q2496575,18,0,18
Q249662,3,1,4
Q249674,6,1,7
Q249679,3,0,3
Q24985776,0,5,5
Q249865,0,8,8
Q2498808,0,6,6
Q2499130,1,5,6
Q24994,3,1,4
Q249967,25,0,25
Q25,34,21,55
Q25007,2,4,6
Q2500974,7,2,9
Q25014,34,16,50
Q250205,6,3,9
Q250246,0,15,15
Q250378,15,0,15
Q2503809,11,2,13
Q25043,29,1,30
Q2504576,5,2,7
Q250545,29,17,46
Q25057,43,1,44
Q25078,28,18,46
Q250811,0,8,8
Q25089,82,69,151
Q250905,20,1,21
Q2509482,9,0,9
Q25094849,0,16,16
Q250954,51,1,52
Q25100,0,5,5
Q25107,0,5,5
Q2510955,5,2,7
Q25110269,0,14,14
Q251144,20,6,26
Q251192,3,3,6
Q25120,40,1,41
Q251267,10,3,13
Q251287,33,1,34
Q25132,36,22,58
Q25139,58,3,61
Q251395,9,0,9
Q25144,43,22,65
Q2514422,0,6,6
Q2514679,0,8,8
Q2514863,0,14,14
Q251542,0,14,14
Q251559,30,0,30
Q25161,28,5,33
Q2516866,0,6,6
Q2517263,3,3,6
Q25186,21,17,38
Q251865,17,0,17
Q25188,67,1,68
Q2518963,0,5,5
Q25191,38,22,60
Q251984,0,6,6
Q252,70,30,100
Q2521211,35,0,35
Q25224,6,15,21
Q25228,19,3,22
Q252290,13,3,16
Q25230,13,5,18
Q25237,0,21,21
Q25245117,0,12,12
Q25246631,0,9,9
Q2526255,9,1191,1200
Q25280,17,2,19
Q25286,8,5,13
Q25287,17,0,17
Q2529381,0,15,15
Q2529400,4,6,10
Q2529789,105,35,140
Q2529982,9,3,12
Q2530270,148,83,231
Q253030,0,21,21
Q25305,15,4,19
Q25310,29,4,33
Q2531955,29,2,31
Q2531956,0,12,12
Q253205,18,0,18
Q25330,12,8,20
Q25331,7,3,10
Q253384,22,3,25
Q253414,0,17,17
Q253439,0,9,9
Q253513,20,7,27
Q253578,0,6,6
Q2535855,0,7,7
Q25369,38,0,38
Q25372,0,34,34
Q2537765,8,2,10
Q25379,0,8,8
Q25380035,0,6,6
Q253891,0,11,11
Q253901,25,1,26
Q253916,23,6,29
Q253918,3,1,4
Q2539193,3,0,3
Q253936,0,12,12
Q25395,16,31,47
Q253978,21,0,21
Q254,57,4,61
Q254022,31,8,39
Q254038,0,5,5
Q25403900,1,8,9
Q25405526,0,27,27
Q25408,0,9,9
Q254106,12,9,21
Q25411,11,1,12
Q25416,10,1,11
Q25419,0,30,30
Q254205,23,1,24
Q254327,8,5,13
Q25433,0,5,5
Q25436,14,0,14
Q254428,0,5,5
Q254431,0,5,5
Q2544556,0,7,7
Q2544572,11,0,11
Q2544573,9,2,11
Q2544851,31,23,54
Q2544859,33,30,63
Q25449425,0,3,3
Q2545135,4,0,4
Q254554,3,0,3
Q254555,22,0,22
Q2545565,27,0,27
Q25456,12,0,12
Q2545719,6,0,6
Q2547465,4,1,5
Q254766,12,4,16
Q2547676,0,5,5
Q2547946,25,0,25
Q2548090,8,1,9
Q254876,9,1,10
Q254886,18,1,19
Q2549777,3,1,4
Q255,46,4,50
Q255032,35,38,73
Q255070,16,11,27
Q2551540,4,1,5
Q255268,12,5,17
Q255323,0,5,5
Q255328,33,1,34
Q25533274,0,16,16
Q255342,36,1,37
Q255406,4,3,7
Q25554481,0,10,10
Q255565,47,5,52
Q2556103,16,5,21
Q2556703,0,8,8
Q255697,21,0,21
Q2557171,6,0,6
Q2557451,10,1,11
Q255771,3,0,3
Q2557998,0,11,11
Q2558129,0,8,8
Q2558191,10,1,11
Q2558222,0,5,5
Q256,11,19,30
Q25610,8,7,15
Q2561317,2,5,7
Q2561438,2,2,4
Q256164,27,15,42
Q2563511,0,6,6
Q2563751,11,14,25
Q2565243,0,16,16
Q256550,5,1,6
Q256602,5,0,5
Q256666,1,8,9
Q256754,6,2,8
Q25686,0,5,5
Q256884,17,7,24
Q256958,0,3,3
Q25695926,0,5,5
Q256961,2,3,5
Q2569995,15,0,15
Q2570,8,0,8
Q2570643,0,7,7
Q257065,17,4,21
Q257106,0,6,6
Q257165,0,8,8
Q2572165,0,8,8
Q257217,0,6,6
Q2572270,7,1,8
Q257235,37,40,77
Q2572399,8,0,8
Q257243,15,1,16
Q257254,10,1,11
Q2572585,0,18,18
Q257271,15,3,18
Q257286,11,4,15
Q257293,7,5,12
Q257317,0,13,13
Q2573610,4,1,5
Q257442,0,6,6
Q257443,7,2,9
Q2574548,24,0,24
Q2574590,0,5,5
Q257533,5,2,7
Q2575752,2,5,7
Q2576206,8,5,13
Q257625,0,6,6
Q2576280,4,1,5
Q2576666,2,3,5
Q2576795,23,25,48
Q2576962,0,11,11
Q2577303,1,5,6
Q257830,5,2,7
Q2579107,0,5,5
Q2579492,5,12,17
Q258,69,62,131
Q25804,9,1,10
Q2581424,8,0,8
Q258156,14,25,39
Q2581649,0,25,25
Q2581981,11,0,11
Q258246,20,9,29
Q258255,15,1,16
Q258464,12,8,20
Q258503,13,3,16
Q258525,0,5,5
Q258532,2,4,6
Q258647,23,0,23
Q25871,0,5,5
Q258750,18,0,18
Q258820,15,2,17
Q258824,18,0,18
Q258851,4,4,8
Q258854,0,5,5
Q258896,7,35,42
Q258943,12,0,12
Q2589465,3,0,3
Q258979,25,0,25
Q259011,7,0,7
Q259254,11,4,15
Q2593,0,12,12
Q259422,8,0,8
Q259461,0,7,7
Q259468,17,2,19
Q2594990,9,1,10
Q259502,6,5,11
Q259663,0,6,6
Q259703,0,6,6
Q259726,4,1,5
Q25973,25,1,26
Q259760,14,3,17
Q2598,6,3,9
Q2598599,0,8,8
Q25989,4,56,60
Q2599,75,2,77
Q2599077,5,7,12
Q259913,22,22,44
Q259957,6,1,7
Q26,23,18,41
Q2601102,20,0,20
Q260125,22,3,25
Q26013,6,11,17
Q260184,1,6,7
Q2603334,0,2,2
Q2603349,0,5,5
Q2604225,14,0,14
Q2604288,48,0,48
Q2604581,25,0,25
Q2604800,5,38,43
Q260509,21,0,21
Q260528,0,6,6
Q260533,23,0,23
Q260545,0,5,5
Q26062,16,7,23
Q260622,0,7,7
Q2606383,5,0,5
Q2606507,0,5,5
Q26069,20,0,20
Q2607454,5,0,5
Q2608849,0,5,5
Q2609,7,2,9
Q260969,24,0,24
Q261,57,1,58
Q2610941,7,0,7
Q2610975,23,0,23
Q2611552,0,16,16
Q26116,0,5,5
Q26118,0,6,6
Q261314,24,1,25
Q2614533,4,0,4
Q261535,0,2,2
Q261543,0,7,7
Q2615641,13,0,13
Q261579,0,6,6
Q26158,0,6,6
Q26173,0,6,6
Q2617520,1,3,4
Q261759,36,0,36
Q2617927,7,0,7
Q261865,10,1,11
Q261923,40,1,41
Q26196748,0,16,16
Q261997,19,1,20
Q262,59,12,71
Q2620100,0,9,9
Q2620177,10,1,11
Q2620610,0,5,5
Q2620648,0,6,6
Q2620855,18,8,26
Q2621011,12,0,12
Q262102,0,6,6
Q262130,20,21,41
Q262170,0,5,5
Q26225475,0,5,5
Q26231,0,5,5
Q2624066,0,6,6
Q2624520,0,8,8
Q262479,20,1,21
Q2624848,0,19,19
Q262663,8,1,9
Q2627082,0,5,5
Q2627090,16,3,19
Q26273,1,4,5
Q262735,17,0,17
Q262738,13,3,16
Q2628156,5,0,5
Q262820,15,4,19
Q262838,22,0,22
Q262854,13,1,14
Q262882,0,5,5
Q262910,12,0,12
Q26292213,0,5,5
Q26292888,0,5,5
Q2629392,3,12,15
Q2630467,0,6,6
Q263064,27,5,32
Q2631586,17,2,19
Q263178,0,5,5
Q2632,53,1,54
Q263239,7,1,8
Q263324,29,5,34
Q2633389,15,2,17
Q26339,14,12,26
Q2634,24,8,32
Q2634446,4,1,5
Q263486,24,10,34
Q2635096,0,5,5
Q26354,0,7,7
Q2635632,1,5,6
Q2635672,1,5,6
Q2635688,0,5,5
Q2635699,1,5,6
Q2635714,1,5,6
Q2635725,1,5,6
Q2635982,1,5,6
Q2636009,1,4,5
Q2636213,11,0,11
Q26365,0,7,7
Q2636696,0,9,9
Q263686,1,5,6
Q263696,39,7,46
Q263702,3,2,5
Q26372,22,2,24
Q263734,3,11,14
Q263742,7,3,10
Q26378,13,5,18
Q2637917,1,5,6
Q2638248,21,0,21
Q2638370,0,5,5
Q2638642,0,5,5
Q263964,0,6,6
Q2639828,0,5,5
Q2640056,1,4,5
Q2640431,1,4,5
Q2640450,1,4,5
Q2640460,1,4,5
Q2640503,1,5,6
Q2641,4,0,4
Q264137,12,9,21
Q2641821,0,5,5
Q2641956,1,5,6
Q26421,10,1,11
Q26424,12,7,19
Q2642437,14,1,15
Q26426,12,1,13
Q2642760,0,10,10
Q264289,3,4,7
Q2643,58,2,60
Q264307,28,0,28
Q2643509,4,2,6
Q2643890,1,18,19
Q264418,16,1,17
Q26451486,0,21,21
Q264565,18,5,23
Q264603,16,0,16
Q2646553,18,0,18
Q2646713,0,7,7
Q264699,19,7,26
Q264748,16,7,23
Q264770,0,5,5
Q2647961,0,6,6
Q264840,17,6,23
Q264869,26,0,26
Q264914,15,3,18
Q264980,7,0,7
Q265,45,10,55
Q265037,0,5,5
Q265058,0,5,5
Q265152,20,0,20
Q26519,5,1,6
Q265222,11,1,12
Q265252,30,0,30
Q2652651,0,5,5
Q2652939,0,5,5
Q265533,0,5,5
Q265570,6,0,6
Q2656,22,6,28
Q2656047,10,4,14
Q265662,3,7,10
Q2656696,20,1,21
Q26568,0,5,5
Q2657718,0,178,178
Q2658370,4,1,5
Q26587,8,3,11
Q2658935,0,2,2
Q26600,14,4,18
Q266012,32,35,67
Q266137,8,0,8
Q2662148,3,1,4
Q26622,7,1,8
Q266231,0,5,5
Q26625,32,1,33
Q2662756,0,4,4
Q26628,0,5,5
Q26631,0,5,5
Q266313,0,7,7
Q266361,17,2,19
Q2663714,0,15,15
Q266467,12,2,14
Q2664701,7,0,7
Q266521,17,2,19
Q2665674,40,0,40
Q266569,4,53,57
Q2665874,5,6,11
Q2665878,22,15,37
Q266670,18,0,18
Q26676,5,6,11
Q2668072,0,9,9
Q26686,0,5,5
Q2669403,10,11,21
Q2669971,13,2,15
Q26705935,0,18,18
Q267088,13,1,14
Q267097,19,6,25
Q2671438,15,2,17
Q2672163,0,5,5
Q267245,10,1,11
Q26726,0,24,24
Q267282,7,22,29
Q2673,22,3,25
Q2673522,0,5,5
Q267383,14,5,19
Q267400,0,12,12
Q26741,11,0,11
Q267422,12,2,14
Q267441,22,7,29
Q2674710,9,1,10
Q267524,13,1,14
Q26754,6,5,11
Q26756,5,2,7
Q267672,50,1,51
Q267721,26,0,26
Q26777,11,1,12
Q267772,13,2,15
Q2678111,0,12,12
Q267866,57,0,57
Q26789527,0,6,6
Q2679090,0,5,5
Q26793,16,2,18
Q267972,3,3,6
Q2680,42,32,74
Q2680038,0,6,6
Q26806,24,28,52
Q26807,13,6,19
Q268160,14,6,20
Q268200,0,99,99
Q268208,8,7,15
Q268253,3,12,15
Q268298,0,5,5
Q2683,21,3,24
Q26836418,0,8,8
Q2683767,0,14,14
Q268416,0,6,6
Q2685,44,15,59
Q268549,19,3,22
Q268592,0,22,22
Q268670,0,29,29
Q2687578,0,85,85
Q26876,65,5,70
Q268776,6,2,8
Q26882604,0,5,5
Q26887,9,4,13
Q268873,5,7,12
Q26895,6,2,8
Q26899,0,6,6
Q269,21,2,23
Q269094,27,2,29
Q269214,34,14,48
Q2693,5,2,7
Q26933,26,3,29
Q269331,31,0,31
Q269412,52,7,59
Q269500,14,0,14
Q269505,14,4,18
Q2695156,37,19,56
Q2695280,2,3,5
Q269589,0,5,5
Q2696072,0,8,8
Q269669,13,8,21
Q269670,0,12,12
Q269692,23,14,37
Q269731,18,0,18
Q2697320,1,6,7
Q2697337,6,0,6
Q2697412,0,6,6
Q2697584,1,5,6
Q2697589,1,6,7
Q2697596,1,6,7
Q269770,2,14,16
Q2697856,1,6,7
Q2697864,1,6,7
Q2697875,1,6,7
Q2697882,1,6,7
Q2697885,0,6,6
Q2697902,1,6,7
Q2697910,1,6,7
Q2697925,0,6,6
Q2697940,1,6,7
Q269802,0,8,8
Q269810,40,0,40
Q2698207,0,7,7
Q2698214,1,8,9
Q2698220,1,7,8
Q2698226,1,7,8
Q2698232,1,7,8
Q2698238,1,8,9
Q2698239,1,8,9
Q2698244,1,6,7
Q2698248,1,6,7
Q2698249,1,7,8
Q2698250,1,8,9
Q2698273,1,8,9
Q269830,0,7,7
Q269835,18,13,31
Q2698482,7,1,8
Q269869,15,12,27
Q26988,20,2,22
Q269887,30,0,30
Q269890,35,3,38
Q269894,0,6,6
Q269895,18,12,30
Q269901,17,6,23
Q269912,38,1,39
Q269927,30,7,37
Q27,89,126,215
Q270,32,9,41
Q2700070,0,5,5
Q270051,3,0,3
Q270079,0,5,5
Q270097,23,24,47
Q2701386,0,6,6
Q270141,0,5,5
Q270149,0,6,6
Q270178,0,7,7
Q270181,3,0,3
Q270200,3,0,3
Q27020041,0,51,51
Q270215,51,1,52
Q270222,24,9,33
Q2702252,10,0,10
Q2702789,7,70,77
Q2702964,0,8,8
Q27032359,6,0,6
Q2703264,0,12,12
Q27034,6,2,8
Q270351,61,0,61
Q270382,8,6,14
Q270385,44,0,44
Q270389,4,8,12
Q270420,3,0,3
Q2704237,4,0,4
Q2704409,0,8,8
Q27044293,1,4,5
Q2704502,10,0,10
Q27051,6,3,9
Q270510,41,1,42
Q2705112,1,7,8
Q2705118,1,6,7
Q270532,10,1,11
Q270533,0,6,6
Q270560,26,3,29
Q270595,6,0,6
Q270599,47,1,48
Q270622,0,9,9
Q2706388,1,4,5
Q270639,0,6,6
Q270664,22,10,32
Q270665,11,1,12
Q270666,3,3,6
Q270669,34,0,34
Q2706691,0,12,12
Q270672,29,7,36
Q2706734,8,1,9
Q270691,18,1,19
Q270730,27,13,40
Q270743,0,5,5
Q2707485,0,53,53
Q2707718,1,4,5
Q2707888,6,0,6
Q270794,0,18,18
Q2708222,5,5,10
Q270827,4,0,4
Q270869,18,0,18
Q2709112,5,8,13
Q270920,11,3,14
Q270935,44,0,44
Q270940,21,1,22
Q2709988,0,7,7
Q2710,4,1,5
Q271006,38,0,38
Q271040,0,5,5
Q271050,14,5,19
Q271098,0,6,6
Q271109,0,5,5
Q271127,10,0,10
Q271177,0,5,5
Q271189,57,2,59
Q2711972,7,1,8
Q271281,42,0,42
Q271284,21,15,36
Q2712978,14,1,15
Q2713545,15,1,16
Q271395,13,4,17
Q2714,5,5,10
Q271426,20,1,21
Q271448,0,6,6
Q271460,0,7,7
Q271464,19,11,30
Q271469,0,8,8
Q271471,0,8,8
Q27149,39,0,39
Q2715652,0,6,6
Q271590,1,4,5
Q271613,7,3,10
Q271616,1,8,9
Q271626,0,5,5
Q271627,0,5,5
Q271635,0,14,14
Q271637,14,8,22
Q271690,53,0,53
Q2717605,0,6,6
Q2717612,7,8,15
Q27178,32,2,34
Q271782,0,6,6
Q271830,40,1,41
Q27184,4,21,25
Q271865,0,6,6
Q271880,5,1,6
Q27190,4,12,16
Q271915,13,4,17
Q2719725,0,5,5
Q271986,0,5,5
Q2720141,21,1,22
Q272019,31,23,54
Q272031,32,3,35
Q27204,36,0,36
Q272059,6,2,8
Q272064,39,0,39
Q2720648,3,0,3
Q272069,36,0,36
Q272076,16,0,16
Q272097,3,0,3
Q272116,0,5,5
Q272130,0,5,5
Q272166,0,6,6
Q272167,3,1,4
Q2721855,15,0,15
Q272195,8,0,8
Q272203,41,3,44
Q272220,5,3,8
Q272223,4,0,4
Q2722764,3,71,74
Q27229,7,4,11
Q27231,1,8,9
Q2723876,19,0,19
Q27240,6,2,8
Q272505,0,9,9
Q2725623,0,5,5
Q272591,20,0,20
Q272595,35,0,35
Q272599,30,1,31
Q272608,40,1,41
Q272610,41,3,44
Q272613,10,8,18
Q272619,15,4,19
Q272629,0,6,6
Q272633,10,3,13
Q27264,0,18,18
Q27275,1,4,5
Q2727598,0,10,10
Q272860,41,0,41
Q272917,17,6,23
Q272919,10,0,10
Q272923,27,7,34
Q272927,0,12,12
Q272929,26,4,30
Q27293,0,17,17
Q272931,31,3,34
Q272935,22,3,25
Q272946,20,9,29
Q272952,20,4,24
Q272972,17,10,27
Q272977,16,13,29
Q273055,28,0,28
Q27306,45,33,78
Q273065,0,5,5
Q273075,0,6,6
Q273076,31,1,32
Q273107,17,2,19
Q273136,13,9,22
Q273199,2,6,8
Q273208,13,19,32
Q273210,36,3,39
Q2732142,4,4,8
Q273215,25,13,38
Q27322,0,8,8
Q273233,4,1,5
Q2732470,0,13,13
Q273285,3,0,3
Q273379,0,8,8
Q2733913,5,7,12
Q2733992,0,8,8
Q2734945,0,5,5
Q273497,0,6,6
Q2735625,3,0,3
Q273568,45,0,45
Q2736,9,830,839
Q273623,1,7,8
Q2736728,1,6,7
Q2736753,1,5,6
Q2736760,1,5,6
Q2736766,1,5,6
Q273686,35,1,36
Q273704,49,1,50
Q2737217,0,7,7
Q2737435,1,10,11
Q2737528,4,2,6
Q273753,0,12,12
Q27381,9,9,18
Q273830,0,5,5
Q2739,6,3,9
Q27394,1,11,12
Q2739748,8,0,8
Q273978,49,4,53
Q2740357,0,9,9
Q2740389,3,0,3
Q27407,1,18,19
Q274070,0,9,9
Q274120,8,2,10
Q2741536,0,4,4
Q274167,45,1,46
Q2741776,8,0,8
Q2741850,7,0,7
Q2742292,13,0,13
Q2743,5,33,38
Q27433,1,11,12
Q2743435,4,0,4
Q2744,147,3,150
Q274401,3,0,3
Q274486,13,2,15
Q2745262,11,0,11
Q274529,28,0,28
Q274562,27,0,27
Q2746012,0,6,6
Q27468,1,15,16
Q2746831,7,1,8
Q274748,35,0,35
Q274762,3,0,3
Q274778,3,0,3
Q27479,1,14,15
Q2748093,12,0,12
Q2748513,10,0,10
Q2748620,10,0,10
Q274887,30,0,30
Q274895,32,0,32
Q2749,37,3,40
Q2749279,11,0,11
Q2749572,6,0,6
Q2749583,5,2,7
Q275059,9,0,9
Q27509,1,11,12
Q2751,12,3,15
Q275120,54,2,56
Q275180,35,0,35
Q275187,40,0,40
Q2752205,3,0,3
Q275254,0,9,9
Q275402,23,10,33
Q275432,26,1,27
Q2754439,0,5,5
Q27554677,0,10,10
Q275553,41,1,42
Q2755547,0,5,5
Q2755753,0,27,27
Q2756,5,2,7
Q275620,0,7,7
Q275626,4,1,5
Q275658,0,7,7
Q27567171,0,6,6
Q27567832,0,5,5
Q275707,10,0,10
Q27575234,0,16,16
Q275803,0,7,7
Q27585,19,1,20
Q2758667,5,0,5
Q275900,25,2,27
Q27593,16,3,19
Q275964,1,4,5
Q276,8,1,9
Q276005,34,5,39
Q27611,2,11,13
Q276130,12,2,14
Q276170,24,3,27
Q276175,1,4,5
Q2761980,9,1,10
Q27621,15,4,19
Q276269,19,4,23
Q276273,14,0,14
Q276299,37,0,37
Q2763,5,10,15
Q276302,0,6,6
Q276343,31,0,31
Q2763698,0,10,10
Q276392,30,0,30
Q276425,14,6,20
Q276453,2,3,5
Q276523,42,1,43
Q276524,19,0,19
Q276525,24,14,38
Q276528,18,1,19
Q276533,12,0,12
Q276535,5,0,5
Q276539,5,1,6
Q276542,5,7,12
Q2766939,0,5,5
Q2767170,6,0,6
Q27676416,0,5,5
Q276772,29,0,29
Q2768,7,2,9
Q27680201,0,82,82
Q27686,8,0,8
Q27692,0,6,6
Q277038,18,1,19
Q277080,35,1,36
Q277099,0,6,6
Q277162,5,14,19
Q277193,17,1,18
Q277252,0,8,8
Q2773,27,4,31
Q277536,16,221,237
Q277551,24,2,26
Q277626,0,46,46
Q277751,3,312,315
Q277787,0,8,8
Q27787439,0,18,18
Q2778807,0,12,12
Q277895,14,3,17
Q27792,0,6,6
Q277978,19,8,27
Q278053,29,3,32
Q27834579,0,39,39
Q2783694,7,0,7
Q27840,6,8,14
Q27844,5,6,11
Q27847754,0,39,39
Q27851929,0,4,4
Q27862084,0,7,7
Q27866,0,6,6
Q27870,0,6,6
Q278997,45,2,47
Q279,19,1,20
Q279000,9,2,11
Q279100,12,16,28
Q27911,6,0,6
Q27914,8,0,8
Q27915869,0,5,5
Q279169,10,4,14
Q279189,12,0,12
Q27921,0,8,8
Q279305,16,0,16
Q2793276,0,10,10
Q27939,1,47,48
Q2794660,0,6,6
Q2795,18,1,19
Q27968,2,3,5
Q27971,9,0,9
Q2798,5,1,6
Q279834,0,6,6
Q279914,5,1,6
Q2799212,0,5,5
Q28,78,29,107
Q28003,13,7,20
Q28005,1,6,7
Q28007416,0,9,9
Q28009,1,8,9
Q280098,23,9,32
Q28011,1,5,6
Q28012,1,6,7
Q28015,1,8,9
Q28018,1,7,8
Q28023,0,5,5
Q28024,0,7,7
Q28026639,0,41,41
Q28028,0,14,14
Q28032,1,6,7
Q28033,1,8,9
Q28035,1,8,9
Q2803671,19,2,21
Q28039,1,6,7
Q280481,0,14,14
Q28054,38,30,68
Q2805565,0,8,8
Q280596,0,5,5
Q280658,2,28,30
Q280679,3,1,4
Q2807,17,29,46
Q28070,0,5,5
Q2808,70,7,77
Q280814,133,5,138
Q280856,1,10,11
Q280870,0,8,8
Q28089,7,0,7
Q28090,1,6,7
Q280918,47,0,47
Q28097,1,6,7
Q281034,32,1,33
Q28109,0,5,5
Q28112023,0,7,7
Q281249,0,6,6
Q28127,1,5,6
Q28133,1,5,6
Q2814,30,3,33
Q281404,16,4,20
Q28145,1,6,7
Q28145790,1,6,7
Q281460,0,7,7
Q28146035,1,34,35
Q2814799,1,42,43
Q281480,24,0,24
Q2815777,0,6,6
Q281621,0,8,8
Q2816274,2,1,3
Q2816325,3,0,3
Q2816426,2,1,3
Q2816448,6,0,6
Q2816456,3,1,4
Q2816734,3,0,3
Q281681,5,3,8
Q28179,15,7,22
Q28180,9,1,10
Q2818024,2,0,2
Q2818384,4,0,4
Q281908,27,0,27
Q28193,34,0,34
Q281939,4,342,346
Q281951,0,5,5
Q281964,23,5,28
Q28198,12,5,17
Q282002,19,3,22
Q2820073,0,9,9
Q282033,0,8,8
Q28206,17,3,20
Q282126,4,0,4
Q282159,6,1,7
Q28218,15,7,22
Q2822396,0,10,10
Q28233,1,6,7
Q28237,15,9,24
Q282428,0,5,5
Q2824523,0,4,4
Q28249,15,3,18
Q28252,1,8,9
Q2825721,0,5,5
Q28260,17,4,21
Q282636,5,10,15
Q2826718,0,23,23
Q28271,16,7,23
Q282722,49,1,50
Q28275,1,8,9
Q2827706,0,5,5
Q2827965,4,1,5
Q282804,42,0,42
Q282827,27,0,27
Q28285,4,2,6
Q28288,25,6,31
Q282925,9,0,9
Q2829373,14,2,16
Q28298,0,18,18
Q283,2,5,7
Q2831,96,20,116
Q28310,0,5,5
Q28319165,0,5,5
Q2832952,14,2,16
Q2833,29,9,38
Q283328,0,7,7
Q283457,5,0,5
Q283490,18,0,18
Q283586,41,1,42
Q283639,0,6,6
Q28367,0,5,5
Q283760,7,1,8
Q2837687,0,6,6
Q28378,0,5,5
Q283799,37,0,37
Q28382637,0,10,10
Q2838353,0,5,5
Q283872,0,9,9
Q28389,3,1442,1445
Q2839215,8,1,9
Q2839609,12,1,13
Q283978,0,8,8
Q283988,21,7,28
Q2840,20,2,22
Q2840937,16,0,16
Q284163,1,5,6
Q284199,0,6,6
Q284229,34,0,34
Q2842325,0,282,282
Q2842560,6,0,6
Q2842976,69,0,69
Q28437,0,7,7
Q284401,10,0,10
Q28444913,0,6,6
Q2844572,7,2,9
Q284636,21,14,35
Q28470,0,33,33
Q28474288,0,7,7
Q284876,18,7,25
Q2849121,11,2,13
Q28493,35,23,58
Q28497,0,6,6
Q285117,4,1,5
Q28513,36,33,69
Q28515,18,4,22
Q285254,15,0,15
Q285264,1,6,7
Q28537,18,2,20
Q285467,0,5,5
Q28556,0,7,7
Q285599,9,1,10
Q2856134,0,6,6
Q285625,7,2,9
Q285722,3,0,3
Q28591,24,0,24
Q285928,19,3,22
Q285966,10,2,12
Q286022,65,6,71
Q28603,11,1,12
Q286080,2,2,4
Q2861,28,3,31
Q2863003,0,5,5
Q28640,0,106,106
Q286410,23,4,27
Q28645,0,8,8
Q28647,1,7,8
Q2865,19,1,20
Q286504,3,0,3
Q2865227,0,9,9
Q2865308,12,1,13
Q2865389,11,3,14
Q286569,10,0,10
Q286570,20,2,22
Q2865801,6,6,12
Q2865819,1,7,8
Q28663097,0,17,17
Q28666,0,5,5
Q28666511,0,35,35
Q28670,1,6,7
Q286717,29,4,33
Q28674,1,4,5
Q28676,1,5,6
Q286777,42,6,48
Q28678,1,5,6
Q2868,13,4,17
Q28680,1,6,7
Q28682,1,4,5
Q28684,1,8,9
Q28686,1,6,7
Q286890,19,22,41
Q28695,16,0,16
Q2870023,0,5,5
Q287062,0,14,14
Q287149,7,1,8
Q287171,1,4,5
Q287177,14,14,28
Q287218,1,6,7
Q28729,9,0,9
Q287297,0,7,7
Q28743,1,7,8
Q28744,1,4,5
Q28748,1,7,8
Q2875,58,2,60
Q28750,1,4,5
Q28755,24,14,38
Q287599,20,1,21
Q28760,1,5,6
Q287607,26,15,41
Q2876213,2,1,3
Q28763,0,26,26
Q287793,30,8,38
Q2878144,2,0,2
Q287824,17,16,33
Q2878277,2,0,2
Q287887,0,9,9
Q28790126,0,5,5
Q287977,29,2,31
Q288,11,2,13
Q28802704,0,4,4
Q28802729,0,7,7
Q28803421,0,5,5
Q28803503,0,8,8
Q28803574,0,5,5
Q28811,1,8,9
Q28812894,0,8,8
Q28812897,0,6,6
Q28813470,0,10,10
Q28813472,0,4,4
Q28814599,0,6,6
Q288173,62,0,62
Q288175,0,6,6
Q28820001,0,14,14
Q28826,0,8,8
Q28828058,0,7,7
Q28828203,0,5,5
Q28828206,0,6,6
Q28829,1,8,9
Q288337,20,10,30
Q28835,1,0,1
Q2884013,0,5,5
Q288404,0,8,8
Q28841847,0,10,10
Q2884709,5,0,5
Q28848,14,13,27
Q28848209,0,6,6
Q28854825,0,6,6
Q28854932,0,9,9
Q28854934,0,6,6
Q28857,2,7,9
Q2885767,0,10,10
Q288592,0,7,7
Q28859357,0,5,5
Q28859410,0,7,7
Q28859413,0,6,6
Q28859483,0,6,6
Q28859485,0,5,5
Q28859488,0,5,5
Q28859686,0,5,5
Q28859718,0,7,7
Q288606,6,3,9
Q28860625,0,5,5
Q28861731,0,6,6
Q28861733,0,5,5
Q28861919,0,7,7
Q28861920,0,6,6
Q28861924,0,5,5
Q28861925,0,5,5
Q288645,45,1,46
Q28865,10,1,11
Q28866090,0,7,7
Q28866099,0,7,7
Q2887,11,5,16
Q28870524,0,6,6
Q28870552,0,4,4
Q28871751,0,6,6
Q28871787,0,7,7
Q28871824,0,5,5
Q28871949,0,5,5
Q28872846,0,6,6
Q2887379,0,7,7
Q288781,11,11,22
Q28884858,0,5,5
Q28891,34,3,37
Q288928,11,36,47
Q28894,1,5,6
Q289,10,55,65
Q28902,1,5,6
Q28906,1,6,7
Q289112,4,0,4
Q28912534,0,5,5
Q28916,0,6,6
Q28919974,0,4,4
Q28919975,0,5,5
Q28919981,0,5,5
Q289204,39,0,39
Q289214,3,22,25
Q2892219,0,5,5
Q28927,0,5,5
Q289286,4,0,4
Q28934900,0,5,5
Q28935563,0,12,12
Q28936,56,0,56
Q289364,0,5,5
Q28940811,0,5,5
Q289412,6,1,7
Q28945,1,6,7
Q28948,1,6,7
Q289482,6,0,6
Q2895,0,8,8
Q28950956,0,20,20
Q28953942,0,4,4
Q289545,0,5,5
Q2895601,0,8,8
Q289612,6,1,7
Q289678,1,0,1
Q28968258,0,10,10
Q28968511,0,19,19
Q28969,8,2,10
Q28974,9,1,10
Q28985,1,8,9
Q289931,0,14,14
Q289952,13,14,27
Q289973,13,2,15
Q29,99,145,244
Q2900,11,2,13
Q29011,27,2,29
Q29017281,0,6,6
Q29017403,1,10,11
Q2902300,0,6,6
Q2902978,9,1,10
Q290356,3,8,11
Q290370,0,6,6
Q2904557,5,1,6
Q29052,22,5,27
Q29055,34,12,46
Q290629,4,0,4
Q2906631,1,6,7
Q2906822,0,6,6
Q29086,19,8,27
Q2908942,5,0,5
Q290913,19,0,19
Q29092,0,18,18
Q290922,8,0,8
Q290962,19,3,22
Q29103,3,0,3
Q2910457,5,9,14
Q29108,5,1,6
Q29112,5,0,5
Q291141,23,14,37
Q29115,4,0,4
Q291170,51,2,53
Q291180,24,0,24
Q2913982,0,5,5
Q2914170,0,18,18
Q291438,0,6,6
Q291447,58,2,60
Q2914539,9,2,11
Q291471,142,8,150
Q2915506,6,19,25
Q291552,0,9,9
Q291559,28,0,28
Q2915955,0,5,5
Q291686,10,15,25
Q29168811,0,81,81
Q2917466,2,0,2
Q29182,10,0,10
Q291827,0,22,22
Q2919046,4,2,6
Q2919117,0,5,5
Q2919454,0,6,6
Q292044,0,43,43
Q2920458,0,5,5
Q292061,6,2,8
Q2920921,4,5,9
Q2922164,4,0,4
Q29231846,2,3,5
Q292399,20,0,20
Q2924449,0,7,7
Q292446,0,7,7
Q2924461,9,17,26
Q29245,10,1,11
Q2924500,0,8,8
Q2924850,11,2,13
Q29250,26,25,51
Q29252,1,5,6
Q2925687,0,12,12
Q2925696,0,3,3
Q2925697,22,6,28
Q2925698,0,16,16
Q2925700,0,7,7
Q2925701,0,25,25
Q2926038,0,5,5
Q292618,2,1,3
Q2926599,0,5,5
Q2927648,1,0,1
Q292943,13,1,14
Q29303,15,5,20
Q29328,0,6,6
Q2933976,3,0,3
Q2934669,4,3,7
Q29364,20,5,25
Q2937293,3,0,3
Q2937480,1,7,8
Q2939081,0,6,6
Q29401,0,7,7
Q2940994,0,5,5
Q294185,23,7,30
Q2942050,1,5,6
Q29422,4,2,6
Q2942203,0,6,6
Q294278,4,75,79
Q294372,0,8,8
Q2943801,0,5,5
Q29438842,0,5,5
Q294414,1,11,12
Q2944360,0,12,12
Q294449,23,4,27
Q29445,10,2,12
Q294454,18,6,24
Q2944669,0,8,8
Q294531,36,2,38
Q294583,33,9,42
Q294586,13,7,20
Q294641,23,14,37
Q29468,13,162,175
Q2947541,0,6,6
Q294773,35,6,41
Q294812,16,3,19
Q294819,13,5,18
Q2948724,3,0,3
Q2948726,3,0,3
Q2948727,4,0,4
Q2948728,4,0,4
Q2948730,5,0,5
Q294912,29,24,53
Q294927,33,8,41
Q29496,12,20,32
Q294975,16,8,24
Q294979,25,1,26
Q295020,0,5,5
Q295034,15,11,26
Q295080,19,4,23
Q295148,17,14,31
Q295153,18,0,18
Q29520,0,8,8
Q295207,21,4,25
Q295233,31,5,36
Q29536,9,1,10
Q29540,0,8,8
Q295406,28,8,36
Q295445,0,9,9
Q295463,0,6,6
Q295498,0,6,6
Q295516,27,0,27
Q29552,13,270,283
Q295593,22,4,26
Q29570,14,1,15
Q29577693,0,24,24
Q29579,0,5,5
Q295794,8,3,11
Q295797,20,0,20
Q295803,0,8,8
Q295817,15,0,15
Q295847,22,6,28
Q295912,0,6,6
Q295923,29,2,31
Q2959307,0,6,6
Q295964,29,17,46
Q295974,14,8,22
Q2959794,0,6,6
Q2960052,5,0,5
Q296008,16,15,31
Q296028,21,15,36
Q296050,3,0,3
Q29610,4,1,5
Q296177,0,7,7
Q2961972,2,0,2
Q2962070,0,24,24
Q296282,16,0,16
Q296287,26,7,33
Q296328,14,9,23
Q296370,18,11,29
Q2963878,0,5,5
Q296403,14,0,14
Q2964799,0,5,5
Q296484,13,3,16
Q2964857,10,0,10
Q296491,22,5,27
Q296500,17,8,25
Q296505,19,12,31
Q296524,19,8,27
Q296537,0,11,11
Q296577,12,7,19
Q29658,28,1,29
Q2966,42,5,47
Q296609,37,6,43
Q296616,29,7,36
Q296630,30,14,44
Q2966537,0,6,6
Q2966652,9,0,9
Q296698,51,6,57
Q296729,42,5,47
Q296774,22,5,27
Q296796,20,9,29
Q296804,26,13,39
Q296822,19,4,23
Q296843,13,3,16
Q296872,30,1,31
Q296876,26,0,26
Q296883,11,12,23
Q296928,15,8,23
Q297071,0,7,7
Q297079,22,1,23
Q297128,9,2,11
Q297173,17,4,21
Q297265,14,0,14
Q2973,24,2,26
Q2973181,0,32,32
Q2973201,4,4,8
Q2974368,3,0,3
Q2974371,1,0,1
Q2974552,0,18,18
Q297538,42,4,46
Q297552,31,2,33
Q2975633,0,80,80
Q2975651,14,0,14
Q297575,0,6,6
Q2975925,5,0,5
Q2976730,5,22,27
Q297739,0,8,8
Q297744,14,5,19
Q2978,27,4,31
Q297816,42,3,45
Q2978308,3,1,4
Q2978917,0,11,11
Q2979657,0,13,13
Q298,54,19,73
Q298016,20,6,26
Q298025,39,15,54
Q2981152,20,28,48
Q298243,0,5,5
Q298255,24,6,30
Q2982621,0,6,6
Q298276,18,11,29
Q298295,32,2,34
Q2982991,11,3,14
Q298347,0,5,5
Q298368,29,10,39
Q298371,0,7,7
Q298542,16,0,16
Q2986228,2,7,9
Q298658,23,4,27
Q2986587,0,6,6
Q298672,18,14,32
Q298682,19,10,29
Q298685,33,1,34
Q298694,14,5,19
Q298726,23,1,24
Q298761,35,0,35
Q298777,18,10,28
Q298799,14,3,17
Q298818,18,9,27
Q298838,26,7,33
Q29887242,0,6,6
Q298905,23,2,25
Q298908,23,3,26
Q298920,27,0,27
Q2990283,0,5,5
Q299138,29,0,29
Q2991560,3,4,7
Q299190,24,2,26
Q299194,25,10,35
Q299208,28,0,28
Q299217,0,8,8
Q299228,20,0,20
Q2992372,3,0,3
Q299266,14,2,16
Q299282,11,1,12
Q2992857,0,6,6
Q299297,0,7,7
Q299302,13,11,24
Q299309,21,11,32
Q299314,18,7,25
Q299317,14,7,21
Q29937708,1,6,7
Q299419,16,4,20
Q299421,10,6,16
Q299483,20,21,41
Q2994894,0,6,6
Q2995464,0,7,7
Q2996045,15,0,15
Q2996526,3,2,5
Q299700,18,12,30
Q29999,1,18,19
Q30,234,8068,8302
Q30002,13,3,16
Q3001,9,1,10
Q3001888,7,21,28
Q3002053,0,5,5
Q3002075,12,3,15
Q3002936,5,8,13
Q3003133,4,0,4
Q300323,0,9,9
Q300439,31,0,31
Q30046,0,15,15
Q300555,39,0,39
Q3005562,0,10,10
Q300559,24,0,24
Q30056,1,17,18
Q300568,29,1,30
Q3005851,4,0,4
Q30059240,0,103,103
Q3008,36,0,36
Q300842,18,0,18
Q3010012,0,7,7
Q3010352,0,5,5
Q301049,25,0,25
Q3012,24,1,25
Q3012414,8,1,9
Q30126418,1,4,5
Q3013121,0,5,5
Q3013247,13,0,13
Q30132541,0,54,54
Q301345,9,0,9
Q301431,4,0,4
Q3016196,6,0,6
Q3017460,0,5,5
Q3018199,9,3,12
Q3018205,8,0,8
Q3018358,14,4,18
Q301846,0,8,8
Q30185,10,1,11
Q3018583,0,5,5
Q30192,2,25,27
Q3019357,5,5,10
Q3019359,0,6,6
Q3019364,3,5,8
Q3019365,3,13,16
Q3019369,3,10,13
Q301965,8,1,9
Q302,1,17,18
Q302045,1,4,5
Q3020806,0,7,7
Q3021821,0,5,5
Q3021900,23,0,23
Q3022086,0,8,8
Q3024240,0,57,57
Q3024424,0,6,6
Q302490,38,0,38
Q302491,0,5,5
Q302497,11,37,48
Q302556,0,166,166
Q3025728,0,13,13
Q3025883,5,2,7
Q302650,16,6,22
Q302682,33,0,33
Q302690,0,5,5
Q302696,7,0,7
Q302762,29,2,31
Q302794,11,3,14
Q3028200,7,2,9
Q303,33,5,38
Q303040,32,0,32
Q303207,31,0,31
Q303213,31,0,31
Q3032420,5,0,5
Q30327044,0,5,5
Q303538,15,9,24
Q303678,30,0,30
Q3037,10,2,12
Q3037157,0,6,6
Q303751,0,5,5
Q3038028,0,9,9
Q3038772,6,0,6
Q3038793,0,7,7
Q303891,19,4,23
Q303957,15,7,22
Q304030,32,0,32
Q304074,45,1,46
Q3041294,0,19,19
Q304290,12,2,14
Q304322,0,5,5
Q3043547,0,13,13
Q304488,44,0,44
Q30449,38,4,42
Q304509,12,13,25
Q3045427,0,13,13
Q3045762,4,39,43
Q3045844,0,6,6
Q30461,7,6,13
Q3046356,0,8,8
Q304985,10,10,20
Q304997,0,6,6
Q3050241,17,2,19
Q305250,20,1,21
Q3053163,0,5,5
Q3053254,6,6,12
Q3053268,10,2,12
Q3054941,2,0,2
Q3055086,13,0,13
Q3057268,3,0,3
Q3059567,0,5,5
Q3061320,0,6,6
Q306135,59,2,61
Q3061791,0,11,11
Q3062632,4,32,36
Q306403,34,19,53
Q3064264,4,1,5
Q306590,0,13,13
Q306626,1,8,9
Q30672306,1,4,5
Q3067564,11,4,15
Q3067892,0,5,5
Q307,47,0,47
Q3070813,9,2,11
Q3071,7,53,60
Q3072039,0,26,26
Q3072042,2,3,5
Q3072043,3,3,6
Q3072049,0,12,12
Q3072747,5,21,26
Q3076762,44,0,44
Q307882,15,14,29
Q3080929,5,0,5
Q308124,22,5,27
Q3082744,0,9,9
Q3082862,0,7,7
Q3083213,0,5,5
Q308439,4,0,4
Q308459,17,6,23
Q308683,7,1,8
Q308714,3,5,8
Q308722,14,14,28
Q30873,13,4,17
Q30875,54,2,56
Q30876,17,8,25
Q3087644,0,5,5
Q308792,0,5,5
Q3088127,2,7,9
Q308840,21,2,23
Q308876,1,7,8
Q308879,2,7,9
Q308889,8,0,8
Q3089275,12,0,12
Q308929,41,1,42
Q308966,6,3,9
Q308984,28,2,30
Q3089940,4,28,32
Q309,7,12,19
Q309025,4,0,4
Q30903,5,0,5
Q309048,30,1,31
Q3090544,18,4,22
Q309059,4,0,4
Q3090628,13,0,13
Q3090795,13,0,13
Q309086,41,0,41
Q309095,5,0,5
Q309153,36,0,36
Q309160,18,8,26
Q309162,2,0,2
Q309195,0,5,5
Q309214,29,11,40
Q309246,39,0,39
Q309248,42,0,42
Q309289,38,1,39
Q3093,16,1,17
Q30931,45,0,45
Q309331,30,4,34
Q309350,23,42,65
Q309366,54,1,55
Q309400,3,0,3
Q309480,4,1,5
Q309486,22,7,29
Q309503,0,6,6
Q3095353,0,5,5
Q309545,43,0,43
Q309555,21,9,30
Q309589,22,3,25
Q30959,0,7,7
Q309592,0,9,9
Q309621,39,0,39
Q309631,0,5,5
Q309640,18,8,26
Q309690,17,13,30
Q30971,6,1,7
Q30974,15,5,20
Q309756,9,3,12
Q309788,21,5,26
Q3097943,9,1,10
Q309835,17,4,21
Q309843,16,1,17
Q3098559,6,9,15
Q3098626,13,0,13
Q309888,19,1,20
Q3098911,5,12,17
Q309900,22,11,33
Q309932,19,8,27
Q309941,34,3,37
Q309950,21,2,23
Q3099573,11,2,13
Q309972,0,5,5
Q309980,11,10,21
Q309989,15,0,15
Q309996,7,5,12
Q3099987,0,5,5
Q31,102,60,162
Q310012,14,10,24
Q310048,29,4,33
Q3100500,4,0,4
Q310052,15,1,16
Q310060,18,11,29
Q310116,24,0,24
Q31013,22,2,24
Q310166,14,0,14
Q310170,24,4,28
Q3101822,0,19,19
Q310190,0,9,9
Q3101983,0,5,5
Q310204,24,0,24
Q310217,0,6,6
Q310283,22,7,29
Q310292,15,1,16
Q310295,31,9,40
Q310300,40,2,42
Q310315,18,12,30
Q310318,25,17,42
Q310322,0,7,7
Q310324,19,8,27
Q310343,27,2,29
Q310357,19,4,23
Q310379,28,3,31
Q3103867,0,5,5
Q310389,17,3,20
Q310394,29,7,36
Q3104,28,1,29
Q310413,18,3,21
Q310493,15,7,22
Q310511,9,6,15
Q310515,15,10,25
Q310551,11,8,19
Q310553,11,3,14
Q310556,14,6,20
Q31058,9,4,13
Q310617,65,0,65
Q310621,5,0,5
Q310637,0,5,5
Q3106542,7,1,8
Q310734,29,0,29
Q3107449,4,0,4
Q310785,20,12,32
Q310796,17,0,17
Q310819,24,3,27
Q310867,13,2,15
Q3108788,0,5,5
Q3108914,0,38,38
Q310894,32,0,32
Q3109076,0,5,5
Q310926,27,7,34
Q310930,0,6,6
Q310932,13,14,27
Q310934,0,6,6
Q310937,20,3,23
Q310944,18,6,24
Q310947,0,7,7
Q310960,20,5,25
Q310965,18,0,18
Q311,0,10,10
Q3110,9,2,11
Q3110027,0,10,10
Q3110058,0,4,4
Q311068,28,9,37
Q311084,0,10,10
Q3110914,0,5,5
Q311093,17,10,27
Q311103,11,0,11
Q3111264,14,0,14
Q31113,12,2,14
Q311136,0,16,16
Q311165,0,6,6
Q311169,13,6,19
Q311172,0,12,12
Q311178,0,6,6
Q311179,25,5,30
Q311190,0,5,5
Q311191,20,0,20
Q311219,13,1,14
Q311228,0,5,5
Q311232,18,5,23
Q311238,29,0,29
Q311253,41,5,46
Q311256,24,0,24
Q311263,20,9,29
Q311267,36,0,36
Q311271,32,15,47
Q3113011,7,5,12
Q311306,19,0,19
Q311314,19,13,32
Q311317,25,1,26
Q311319,22,14,36
Q3113378,0,15,15
Q3113381,0,6,6
Q3113382,2,3,5
Q3113384,3,3,6
Q3113385,4,17,21
Q311382,17,0,17
Q3114,7,9,16
Q311439,0,5,5
Q311450,41,0,41
Q311453,20,7,27
Q3114616,38,0,38
Q311471,0,6,6
Q3114765,0,6,6
Q311515,0,6,6
Q31155,0,6,6
Q311559,17,0,17
Q3115713,13,0,13
Q311607,22,4,26
Q3116093,0,7,7
Q311613,13,2,15
Q311615,33,14,47
Q311655,25,5,30
Q311672,25,1,26
Q311699,0,5,5
Q311723,29,4,33
Q311744,15,2,17
Q311750,16,3,19
Q311754,24,5,29
Q311769,16,4,20
Q311804,14,7,21
Q311836,0,30,30
Q311892,21,4,25
Q311962,15,5,20
Q311976,23,6,29
Q311987,15,0,15
Q311993,0,5,5
Q312,30,10,40
Q312051,0,12,12
Q312053,32,0,32
Q312077,17,11,28
Q312078,37,3,40
Q312081,15,7,22
Q312084,21,5,26
Q312088,0,6,6
Q312098,0,7,7
Q3121014,5,0,5
Q312107,23,11,34
Q3121114,13,0,13
Q312124,18,11,29
Q312129,27,13,40
Q312133,0,8,8
Q3121493,6,2,8
Q312161,11,8,19
Q312173,24,1,25
Q31225,15,2,17
Q312252,34,2,36
Q312290,14,8,22
Q312327,7,0,7
Q312337,12,4,16
Q3123491,3,27,30
Q3123705,11,0,11
Q312380,12,5,17
Q312399,8,8,16
Q312405,29,5,34
Q312434,23,2,25
Q31249,15,1,16
Q312510,18,0,18
Q312514,28,1,29
Q312531,19,3,22
Q312559,37,0,37
Q312564,28,0,28
Q312570,29,8,37
Q312579,16,0,16
Q3126,27,0,27
Q312632,26,11,37
Q312641,21,4,25
Q312657,29,2,31
Q312674,36,1,37
Q3126801,0,6,6
Q312691,16,0,16
Q312693,18,0,18
Q312702,21,14,35
Q312705,14,13,27
Q312712,19,15,34
Q312751,20,9,29
Q312783,13,0,13
Q3127832,0,5,5
Q312789,11,0,11
Q3127927,0,5,5
Q312797,16,0,16
Q3128016,7,3,10
Q312845,25,0,25
Q312853,32,4,36
Q312870,29,0,29
Q312878,21,6,27
Q312885,14,4,18
Q312902,0,5,5
Q31292,0,6,6
Q31293,12,5,17
Q31294,15,13,28
Q3129613,0,6,6
Q312995,36,6,42
Q313,12,0,12
Q3130,19,48,67
Q313009,17,5,22
Q313013,34,1,35
Q313020,21,12,33
Q313023,11,3,14
Q313025,10,3,13
Q313039,21,12,33
Q313040,22,4,26
Q313042,15,6,21
Q313043,21,20,41
Q313044,0,5,5
Q313046,25,4,29
Q313047,18,5,23
Q313048,18,8,26
Q313083,19,0,19
Q313092,22,1,23
Q313107,20,11,31
Q3131545,0,7,7
Q313185,47,10,57
Q313193,20,1,21
Q313198,0,6,6
Q313204,0,6,6
Q313243,16,0,16
Q313246,21,1,22
Q313256,30,4,34
Q313260,25,2,27
Q313266,12,2,14
Q313270,21,2,23
Q313281,47,4,51
Q3133,9,7,16
Q313311,16,5,21
Q313315,41,1,42
Q313362,22,6,28
Q313371,26,2,28
Q313381,15,0,15
Q313388,26,18,44
Q313433,0,5,5
Q313462,0,5,5
Q313466,56,5,61
Q313470,0,8,8
Q3134980,4,58,62
Q313506,0,6,6
Q313516,11,8,19
Q313522,26,9,35
Q313537,18,11,29
Q313540,12,12,24
Q313545,18,4,22
Q313546,16,7,23
Q313554,21,0,21
Q313565,7,1,8
Q313566,26,17,43
Q313578,20,2,22
Q313588,12,6,18
Q313596,23,3,26
Q313617,21,0,21
Q313639,19,3,22
Q313650,17,9,26
Q313652,0,6,6
Q313653,0,7,7
Q313671,11,8,19
Q313683,27,0,27
Q313705,17,10,27
Q313727,12,5,17
Q313749,21,0,21
Q313755,30,2,32
Q313779,6,0,6
Q313788,18,1,19
Q313789,0,8,8
Q3138,28,5,33
Q313814,0,9,9
Q313819,29,0,29
Q313841,18,2,20
Q313874,42,0,42
Q3138815,0,4,4
Q3138831,0,6,6
Q3139,20,4,24
Q31391,0,10,10
Q313918,19,8,27
Q313956,15,3,18
Q313992,18,0,18
Q3140,11,0,11
Q31409,0,5,5
Q3141,23,30,53
Q314133,17,7,24
Q314142,16,13,29
Q3141777,4,6,10
Q3142,10,17,27
Q314208,21,1,22
Q314215,17,0,17
Q31426,12,1,13
Q3142726,10,0,10
Q314290,16,22,38
Q3143067,5,13,18
Q314342,17,14,31
Q314358,20,2,22
Q314397,28,1,29
Q314416,21,2,23
Q314421,15,8,23
Q314424,22,3,25
Q314427,14,3,17
Q314485,23,3,26
Q314502,24,10,34
Q314553,31,7,38
Q314603,14,5,19
Q314610,0,11,11
Q314623,17,5,22
Q314640,25,5,30
Q314673,1,6,7
Q314676,0,2,2
Q314771,30,2,32
Q314801,0,9,9
Q314805,15,12,27
Q314812,24,8,32
Q314831,17,16,33
Q314834,22,4,26
Q314841,0,8,8
Q314882,0,5,5
Q314892,0,15,15
Q314914,13,5,18
Q314924,16,6,22
Q314926,28,2,30
Q314935,21,9,30
Q314945,19,3,22
Q3149505,0,8,8
Q314954,0,5,5
Q3149951,0,6,6
Q3150,24,6,30
Q315039,0,6,6
Q315051,21,5,26
Q315069,21,6,27
Q315083,17,14,31
Q315087,35,10,45
Q315090,29,6,35
Q315099,13,13,26
Q3151032,4,0,4
Q315118,0,9,9
Q315123,17,13,30
Q3151430,0,5,5
Q31519,14,4,18
Q315202,14,1,15
Q315208,15,5,20
Q315217,0,6,6
Q315258,0,5,5
Q315271,19,2,21
Q315325,22,0,22
Q3154735,0,5,5
Q315495,0,7,7
Q315547,20,0,20
Q315604,11,9,20
Q31561,1,21,22
Q315667,1,4,5
Q315711,15,0,15
Q3157150,0,9,9
Q3157185,4,21,25
Q3157197,0,5,5
Q3157229,0,12,12
Q315723,28,1,29
Q3157232,0,5,5
Q3157279,0,5,5
Q315728,22,9,31
Q315734,28,5,33
Q315750,16,3,19
Q315756,28,18,46
Q315763,13,10,23
Q31579,0,12,12
Q315808,43,3,46
Q315811,19,0,19
Q315826,23,6,29
Q315864,11,10,21
Q316,0,13,13
Q316003,0,7,7
Q316032,18,11,29
Q316051,0,5,5
Q3161218,0,7,7
Q316138,49,4,53
Q31629,0,45,45
Q3163048,0,11,11
Q316313,25,0,25
Q3163215,0,5,5
Q316446,19,14,33
Q316454,24,5,29
Q316541,0,5,5
Q316555,21,0,21
Q316596,19,16,35
Q316610,21,5,26
Q316619,20,0,20
Q316622,13,4,17
Q316627,0,5,5
Q316629,29,13,42
Q316641,38,7,45
Q316647,16,6,22
Q316704,21,0,21
Q316709,20,11,31
Q316756,18,8,26
Q316789,5,0,5
Q31683,28,1,29
Q316838,0,45,45
Q316844,25,8,33
Q316857,18,7,25
Q31687,6,0,6
Q316878,31,1,32
Q316930,0,39,39
Q316955,0,10,10
Q317024,0,8,8
Q317026,20,7,27
Q317033,26,1,27
Q317161,29,0,29
Q317228,15,10,25
Q317251,17,3,20
Q317272,64,5,69
Q31728,5,2,7
Q317337,0,6,6
Q317343,28,10,38
Q317358,19,10,29
Q317427,24,2,26
Q3174312,0,82,82
Q3174727,5,0,5
Q317491,26,6,32
Q317516,13,5,18
Q317563,0,5,5
Q317567,18,18,36
Q317574,25,0,25
Q317654,0,6,6
Q3176542,0,8,8
Q3176886,5,0,5
Q317740,11,2,13
Q3177566,8,2,10
Q317761,0,10,10
Q317784,29,0,29
Q317802,2,0,2
Q317814,20,4,24
Q317817,15,5,20
Q317865,6,0,6
Q3178896,0,5,5
Q3179541,5,0,5
Q318,4,2,6
Q3180253,0,6,6
Q3180462,3,0,3
Q31805,3,0,3
Q318134,1,7,8
Q318138,33,1,34
Q318149,0,5,5
Q318155,0,5,5
Q3181656,0,1135,1135
Q3182044,0,8,8
Q3182067,0,5,5
Q318220,0,5,5
Q318223,19,0,19
Q318231,0,11,11
Q3182435,10,0,10
Q318249,17,5,22
Q3182524,12,1,13
Q318261,14,3,17
Q318263,27,8,35
Q318267,18,11,29
Q318287,18,13,31
Q318292,21,8,29
Q318296,0,6,6
Q3183,12,7,19
Q3183242,14,0,14
Q3183366,18,0,18
Q318374,27,0,27
Q318412,0,5,5
Q3184121,0,5,5
Q318428,25,2,27
Q318475,71,5,76
Q3185,16,0,16
Q318503,19,2,21
Q318509,32,3,35
Q31855,0,6,6
Q318607,18,6,24
Q318619,21,0,21
Q318685,15,2,17
Q318693,0,8,8
Q318712,19,5,24
Q318734,21,5,26
Q31874,2,0,2
Q318750,0,6,6
Q318766,36,0,36
Q3187958,0,7,7
Q31888058,0,24,24
Q318885,18,5,23
Q3189043,0,5,5
Q318910,43,1,44
Q318922,4,0,4
Q3189284,0,5,5
Q319001,22,8,30
Q319061,57,1,58
Q319078,16,2,18
Q319084,24,1,25
Q319132,8,1,9
Q319136,5,0,5
Q319196,0,5,5
Q31920,5,19,24
Q319204,11,8,19
Q319221,2,213,215
Q319226,0,5,5
Q319239,8,1,9
Q31930761,0,14,14
Q319374,29,0,29
Q319390,0,6,6
Q319392,2,4,6
Q319502,37,0,37
Q3195490,0,5,5
Q3195661,19,0,19
Q3195676,0,7,7
Q3195759,0,5,5
Q319654,5,0,5
Q3196775,12,1,13
Q319693,22,3,25
Q31970,12,8,20
Q319723,22,2,24
Q319725,16,4,20
Q3197533,0,6,6
Q319761,6,1,7
Q319783,44,1,45
Q319810,22,0,22
Q319845,5,1,6
Q319918,3,4,7
Q319986,0,6,6
Q319996,16,5,21
Q32,79,17,96
Q320002,1,10,11
Q320025,24,26,50
Q320036,14,4,18
Q320052,20,9,29
Q320073,0,10,10
Q320084,0,11,11
Q320093,16,9,25
Q320115,21,1,22
Q320204,21,13,34
Q320211,24,1,25
Q320218,26,5,31
Q320264,13,0,13
Q320341,3,4,7
Q320384,29,0,29
Q320423,49,0,49
Q32045,0,5,5
Q320461,31,2,33
Q320476,4,2,6
Q320484,4,0,4
Q320499,7,6,13
Q320514,7,6,13
Q320588,50,0,50
Q320592,3,3,6
Q3206,13,4,17
Q3207,9,1,10
Q320729,4,0,4
Q3208952,0,5,5
Q32090,0,7,7
Q3209151,0,5,5
Q320945,0,5,5
Q320973,0,7,7
Q321061,4,1,5
Q32112,10,30,40
Q321131,0,6,6
Q32120,12,3,15
Q3212092,0,5,5
Q321339,13,0,13
Q321423,84,2,86
Q321561,34,1,35
Q32165,3,0,3
Q32166,3,0,3
Q3218090,0,7,7
Q3218493,3,1,4
Q3218669,8,3,11
Q322056,0,7,7
Q322060,15,0,15
Q322179,16,1,17
Q322266,14,2,16
Q322328,28,0,28
Q3224,18,9,27
Q322607,2,9,11
Q322675,3,1,4
Q322915,20,0,20
Q322994,0,8,8
Q323076,0,12,12
Q323201,18,4,22
Q323271,18,0,18
Q323318,38,1,39
Q323335,11,0,11
Q32335,0,5,5
Q3233924,4,3,7
Q323452,0,12,12
Q323467,36,0,36
Q323470,36,0,36
Q323472,37,1,38
Q3235,11,6,17
Q32360797,0,6,6
Q3236787,0,6,6
Q3236790,14,0,14
Q3237275,0,6,6
Q323827,62,3,65
Q323834,11,1,12
Q3238412,0,5,5
Q3238422,0,24,24
Q3238805,4,5,9
Q32396,7,1,8
Q3239689,26,1,27
Q3240612,5,0,5
Q324068,0,7,7
Q3240869,19,1,20
Q3241537,0,6,6
Q3241589,0,13,13
Q3241618,0,5,5
Q3241699,61,1,62
Q324177,0,7,7
Q3241784,0,17,17
Q3241928,4,0,4
Q3242115,0,8,8
Q3242205,0,6,6
Q3242394,0,6,6
Q3242412,0,8,8
Q3242451,0,5,5
Q324262,25,0,25
Q3242848,3,3,6
Q32433,84,0,84
Q324338,4,0,4
Q324464,3,6,9
Q32450,25,1,26
Q324523,8,2,10
Q324596,3,0,3
Q3246315,5,0,5
Q324647,0,6,6
Q3246876,6,1,7
Q3247693,8,0,8
Q32485,3,4,7
Q3249,11,4,15
Q32491,7,0,7
Q3249257,0,5,5
Q32494,4,1,5
Q324976,4,1,5
Q325020,0,5,5
Q3251043,0,6,6
Q325130,19,6,25
Q325190,0,5,5
Q32522,49,15,64
Q32535,37,1,38
Q32537,4,0,4
Q325389,29,0,29
Q325396,31,26,57
Q325412,11,1,12
Q325504,4,12,16
Q325643,41,0,41
Q325687,0,5,5
Q3258,6,4,10
Q325814,0,9,9
Q325819,4,0,4
Q326114,52,0,52
Q3262282,0,12,12
Q326250,0,5,5
Q326295,7,2,9
Q326319,24,0,24
Q326323,0,5,5
Q326342,13,2,15
Q3263796,0,5,5
Q3263896,5,1,6
Q326426,3,0,3
Q326444,0,8,8
Q326461,0,5,5
Q326482,0,22,22
Q326538,24,0,24
Q326653,4,1,5
Q326731,35,0,35
Q326816,0,5,5
Q326827,3,5,8
Q3268367,9,1,10
Q3269488,4,0,4
Q327012,9,3,12
Q327022,10,7,17
Q327027,27,0,27
Q327029,2,0,2
Q327100,3,0,3
Q327116,6,2,8
Q327165,16,0,16
Q3272069,7,3,10
Q327214,28,0,28
Q327217,0,10,10
Q327223,4,0,4
Q327238,6,1,7
Q32724,0,6,6
Q3272899,17,0,17
Q32730,0,5,5
Q3273124,5,1,6
Q327391,13,0,13
Q32746,11,0,11
Q327547,3,4,7
Q327591,2,8,10
Q3276006,11,0,11
Q3276511,0,5,5
Q327681,51,1,52
Q327713,47,0,47
Q327751,6,0,6
Q3280456,21,0,21
Q3280602,10,0,10
Q3281221,30,0,30
Q328208,21,0,21
Q3282637,3,1323,1326
Q328313,6,0,6
Q328379,0,11,11
Q328409,0,5,5
Q328473,0,9,9
Q32849,29,0,29
Q328522,0,6,6
Q3286043,0,7,7
Q3286546,3,5,8
Q328658,3,1,4
Q3286822,0,5,5
Q328695,35,2,37
Q328723,23,12,35
Q328790,21,9,30
Q328857,11,0,11
Q329046,0,5,5
Q329056,36,0,36
Q32910,48,0,48
Q329127,42,0,42
Q329131,49,0,49
Q329157,0,6,6
Q329176,10,1,11
Q329193,0,5,5
Q3292613,0,5,5
Q32929,12,0,12
Q3294019,16,0,16
Q3294184,0,5,5
Q3294262,10,1,11
Q329448,49,0,49
Q329456,0,6,6
Q329464,0,14,14
Q329485,8,2,10
Q329510,3,0,3
Q32952,0,7,7
Q3295867,15,0,15
Q3296123,9,1,10
Q329646,6,11,17
Q329700,22,10,32
Q329709,35,1,36
Q329716,18,12,30
Q329719,40,3,43
Q329734,17,16,33
Q329744,29,11,40
Q329784,22,8,30
Q329805,40,0,40
Q329807,17,6,23
Q329812,5,1,6
Q329816,3,1,4
Q3298359,7,2,9
Q329849,17,1,18
Q329888,4,1,5
Q3299083,0,6,6
Q329953,19,0,19
Q3299555,0,5,5
Q33,151,31,182
Q330039,3,0,3
Q3301053,0,12,12
Q330113,15,0,15
Q330120,4,0,4
Q330125,3,3,6
Q330143,4,2,6
Q330148,3,2,5
Q3302436,17,0,17
Q3302999,10,0,10
Q3303733,4,0,4
Q3304113,0,8,8
Q330438,13,1,14
Q33044,0,5,5
Q330460,0,8,8
Q330468,57,0,57
Q3305570,9,1,10
Q3306,14,2,16
Q330629,0,42,42
Q330663,63,0,63
Q3307225,3,0,3
Q330762,0,5,5
Q3307638,19,0,19
Q3307977,0,6,6
Q330801,0,9,9
Q33081,0,8,8
Q3308101,0,5,5
Q3308284,0,10,10
Q3308290,0,6,6
Q3308419,0,8,8
Q3308598,0,5,5
Q3309366,0,9,9
Q330963,3,5,8
Q331104,6,1,7
Q33111,0,7,7
Q3312129,3,1,4
Q33124,15,0,15
Q331380,6,5,11
Q331397,3,8,11
Q33143,7,21,28
Q33158,0,6,6
Q331720,22,6,28
Q331728,19,0,19
Q331731,20,0,20
Q3317387,6,3,9
Q331748,24,3,27
Q331922,21,0,21
Q3319305,0,10,10
Q3319330,0,17,17
Q33203,10,21,31
Q332032,30,8,38
Q3320659,0,5,5
Q33223,0,7,7
Q33231,4,63,67
Q33232596,0,5,5
Q332330,43,0,43
Q332342,11,15,26
Q3323440,0,7,7
Q3323451,0,5,5
Q332348,40,1,41
Q332368,49,1,50
Q3323803,0,11,11
Q3323808,0,11,11
Q3323969,7,6,13
Q332399,0,5,5
Q33240,40,2,42
Q332469,0,9,9
Q332498,15,3,18
Q332515,32,0,32
Q332530,21,2,23
Q33264,5,1,6
Q332642,5,0,5
Q332664,3,1,4
Q33268,0,10,10
Q3327002,0,14,14
Q33273,0,5,5
Q3327335,0,17,17
Q3327828,0,6,6
Q33296,18,14,32
Q3329792,0,15,15
Q33298,5,5,10
Q3329808,0,6,6
Q333,13,11,24
Q333006,4,1,5
Q3330103,5,13,18
Q333156,6,1,7
Q333190,0,7,7
Q3332454,0,7,7
Q3333419,0,20,20
Q3333484,0,20,20
Q33335,0,5,5
Q333443,17,3,20
Q3335,31,6,37
Q3335584,0,6,6
Q333595,0,6,6
Q333625,1,0,1
Q333634,0,36,36
Q333718,18,1,19
Q33375,1,7,8
Q33377,10,2,12
Q333838,3,0,3
Q33385,0,12,12
Q333886,27,12,39
Q3339059,4,0,4
Q33391,36,5,41
Q33395,0,7,7
Q334,66,19,85
Q33405,21,8,29
Q33410,0,9,9
Q334195,13,7,20
Q334204,15,2,17
Q334288,23,1,24
Q33434,0,5,5
Q3343707,11,1,12
Q33441,0,5,5
Q334453,0,7,7
Q3345399,15,1,16
Q3345459,0,8,8
Q334634,6,4,10
Q334648,17,7,24
Q33471,0,5,5
Q33474,0,9,9
Q33475,0,5,5
Q334800,11,1,12
Q334822,18,0,18
Q3348506,0,21,21
Q33486,23,5,28
Q33492,0,8,8
Q335017,11,4,15
Q3350576,0,6,6
Q33506,13,6,19
Q3351160,17,0,17
Q335160,26,1,27
Q335169,4,1,5
Q33521,3,1,4
Q3353237,0,6,6
Q335340,21,0,21
Q33537,0,8,8
Q335376,0,13,13
Q335483,4,0,4
Q3354859,0,5,5
Q33549,0,5,5
Q335515,10,1,11
Q33552,0,7,7
Q3356166,0,8,8
Q335629,17,0,17
Q335672,23,3,26
Q335680,28,5,33
Q33569,0,7,7
Q3357,10,1,11
Q3357567,0,14,14
Q3358175,4,0,4
Q33584,0,5,5
Q335880,0,5,5
Q3359409,1,5,6
Q336,9,13,22
Q336018,37,7,44
Q336059,0,27,27
Q3360656,0,5,5
Q336074,29,20,49
Q3361195,0,5,5
Q336144,0,9,9
Q336185,14,7,21
Q336206,22,5,27
Q336222,2,4,6
Q336229,7,5,12
Q3362499,0,12,12
Q336264,14,0,14
Q336272,22,2,24
Q336286,1,4,5
Q336322,4,3,7
Q336337,7,3,10
Q33635,17,2,19
Q33638,0,6,6
Q336388,20,0,20
Q336400,14,5,19
Q336486,0,5,5
Q336519,25,2,27
Q3365235,0,5,5
Q3366024,4,0,4
Q336640,38,1,39
Q33673,8,20,28
Q3367868,6,1,7
Q336788,0,8,8
Q3368537,0,9,9
Q336865,23,2,25
Q336877,19,2,21
Q3369762,0,32,32
Q3370745,0,7,7
Q337078,56,2,58
Q337084,2,1,3
Q337089,17,1,18
Q337090,34,0,34
Q337206,29,1,30
Q33728,0,5,5
Q337377,6,3,9
Q337382,6,0,6
Q33742,0,29,29
Q337463,0,3,3
Q33748,13,0,13
Q337521,23,0,23
Q337531,0,6,6
Q33754,0,6,6
Q33760,59,3,62
Q337620,0,4,4
Q3376423,0,7,7
Q3376428,0,6,6
Q337658,0,8,8
Q3376736,0,6,6
Q337758,4,2,6
Q3378750,9,0,9
Q33788,13,2,15
Q337926,4,11,15
Q338042,0,6,6
Q33810,0,9,9
Q338102,0,5,5
Q33811,0,5,5
Q3381638,0,5,5
Q3382191,0,6,6
Q33823,0,6,6
Q33829,0,15,15
Q3382998,0,9,9
Q33837,0,10,10
Q3384,0,10,10
Q338432,0,12,12
Q3386144,0,5,5
Q33866,56,4,60
Q33868,0,5,5
Q338726,0,5,5
Q3387717,5,89,94
Q33881,2,4,6
Q338812,19,7,26
Q33902,0,7,7
Q33907,0,5,5
Q339093,11,0,11
Q3391743,0,21,21
Q339228,8,1,9
Q33923,0,7,7
Q3392853,0,8,8
Q33935,12,9,21
Q339430,13,1,14
Q33946,1,19,20
Q339527,6,1,7
Q339551,0,6,6
Q339560,5,0,5
Q33959,18,8,26
Q33965,0,9,9
Q33977,43,3,46
Q33979,0,5,5
Q339876,55,0,55
Q339896,10,0,10
Q33997,0,15,15
Q33999,12,2242,2254
Q34,100,75,175
Q340,21,58,79
Q34002,0,6,6
Q34006,8,84,92
Q3400794,0,5,5
Q3400985,0,10,10
Q34010,1,1,2
Q34012,33,16,49
Q34014,0,6,6
Q3401588,9,0,9
Q340169,1,3,4
Q340195,3,78,81
Q340213,19,4,23
Q34024,0,5,5
Q3403229,0,16,16
Q3403230,4,17,21
Q34044,12,0,12
Q3404405,0,5,5
Q3404499,0,7,7
Q3404521,0,17,17
Q3404523,0,15,15
Q3404587,0,4,4
Q3404975,0,5,5
Q3405005,0,1,1
Q3405076,0,4,4
Q3405406,12,5,17
Q3405409,11,8,19
Q34057,5,11,16
Q3405798,1,0,1
Q3405805,0,2,2
Q3405814,3,0,3
Q3405815,0,20,20
Q3406307,3,0,3
Q3406648,0,6,6
Q34069,13,22,35
Q34086,67,4,71
Q3408764,3,0,3
Q3410,12,18,30
Q34106,5,0,5
Q34109,11,5,16
Q34110,9,2,11
Q34116,4,1,5
Q34124,0,5,5
Q3413417,0,7,7
Q341364,3,0,3
Q34137,0,5,5
Q3414212,0,98,98
Q34144,4,1,5
Q3415083,0,17,17
Q341639,4,2,6
Q34166,26,0,26
Q341755,0,6,6
Q34178,0,5,5
Q3417981,8,1,9
Q34180,8,1,9
Q34183,7,0,7
Q341915,9,12,21
Q342043,9,5,14
Q34211,19,1,20
Q34217,22,55,77
Q34218,5,0,5
Q3422434,0,7,7
Q342252,18,3,21
Q34227,7,1,8
Q34236,4,3,7
Q342364,22,0,22
Q34239,0,5,5
Q342419,24,17,41
Q342430,13,8,21
Q34251,0,6,6
Q342533,19,2,21
Q342549,13,3,16
Q34257,0,6,6
Q342604,22,5,27
Q34261,6,2,8
Q34266,45,71,116
Q342665,0,13,13
Q34271,0,12,12
Q342788,12,18,30
Q3427922,3,14,17
Q342803,13,8,21
Q34290,1,7,8
Q34296,52,1,53
Q342962,10,5,15
Q3430193,0,5,5
Q343037,17,8,25
Q343059,22,14,36
Q343069,20,0,20
Q3430768,0,5,5
Q3430837,0,5,5
Q3430965,0,5,5
Q3430985,0,5,5
Q3431161,0,6,6
Q3431553,0,5,5
Q3431589,10,0,10
Q34316,0,5,5
Q3431600,0,4,4
Q34340,0,7,7
Q343453,0,5,5
Q343463,10,8,18
Q3435067,11,0,11
Q343510,15,11,26
Q343564,13,4,17
Q343616,22,9,31
Q343633,31,6,37
Q34366,13,3,16
Q3437,15,2,17
Q34370,16,6,22
Q34374,19,0,19
Q343782,0,8,8
Q34379,1,9,10
Q34389,30,7,37
Q34397,20,0,20
Q343983,29,6,35
Q34404,18,82,100
Q34414,32,1,33
Q3441794,8,3,11
Q34424,73,1,74
Q34433,25,52,77
Q344341,11,5,16
Q3443498,8,1,9
Q34436,34,17,51
Q3444679,13,2,15
Q344576,20,4,24
Q3445914,0,7,7
Q34460,37,24,61
Q3446028,7,11,18
Q344655,20,5,25
Q3446599,0,44,44
Q344735,0,5,5
Q344750,0,5,5
Q344793,24,3,27
Q344822,29,1,30
Q34490,7,0,7
Q344973,11,5,16
Q344983,24,0,24
Q345,16,6,22
Q3450469,0,6,6
Q34508,1,0,1
Q3451842,0,5,5
Q345212,14,9,23
Q345249,17,3,20
Q345259,0,9,9
Q34529,17,3,20
Q345325,23,15,38
Q3454165,24,13,37
Q345431,22,0,22
Q345494,33,4,37
Q345517,16,3,19
Q3455803,0,477,477
Q34575,14,1,15
Q3457911,0,5,5
Q34581,0,3,3
Q34597,35,0,35
Q34600,23,8,31
Q3460856,3,0,3
Q346280,29,3,32
Q346285,15,0,15
Q346384,0,8,8
Q34640,14,2,16
Q34644,0,45,45
Q34647,17,10,27
Q34653,0,38,38
Q346565,25,3,28
Q346595,14,7,21
Q34660,58,4,62
Q34664,14,4,18
Q34670,42,4,46
Q346762,23,0,23
Q346801,29,0,29
Q346833,0,10,10
Q34692,11,4,15
Q347,44,11,55
Q347023,20,0,20
Q34713,24,8,32
Q34726,5,3,8
Q3473349,0,5,5
Q347346,3,1,4
Q3473882,0,7,7
Q3473883,0,8,8
Q3473886,0,3,3
Q3473889,0,10,10
Q3473891,0,13,13
Q3473896,0,14,14
Q3473897,0,20,20
Q3473898,0,21,21
Q34739,9,8,17
Q3473903,0,14,14
Q3473910,0,12,12
Q347395,0,16,16
Q3474222,0,5,5
Q34743,44,4,48
Q347432,0,6,6
Q347436,12,4,16
Q347461,47,8,55
Q347473,11,3,14
Q34749,6,11,17
Q3476164,0,5,5
Q3476213,0,13,13
Q3476361,2,7,9
Q3476760,13,5,18
Q3476794,0,4,4
Q3476863,0,5,5
Q34770,1,39,40
Q347711,22,6,28
Q347879,37,22,59
Q347945,15,5,20
Q34800,10,2,12
Q34804,13,13,26
Q348093,11,1,12
Q348134,5,5,10
Q3481590,0,5,5
Q34816,23,13,36
Q34820,10,3,13
Q348209,22,4,26
Q348351,20,5,25
Q34836,34,4,38
Q3483987,0,7,7
Q3483998,2,1,3
Q3484238,0,8,8
Q348445,0,8,8
Q348459,29,0,29
Q34851,50,12,62
Q3485101,7,2,9
Q348533,35,4,39
Q348534,26,0,26
Q348603,20,1,21
Q34863,12,12,24
Q348649,15,3,18
Q348658,28,0,28
Q34887,0,11,11
Q3489680,6,0,6
Q349,4,7,11
Q349055,19,10,29
Q349166,16,4,20
Q3492779,4,1,5
Q34932,12,8,20
Q349339,0,9,9
Q349350,17,9,26
Q349391,46,28,74
Q349420,16,1,17
Q349434,24,0,24
Q3494438,7,0,7
Q349448,21,0,21
Q349461,2,4,6
Q349510,0,5,5
Q349548,18,9,27
Q34956,0,6,6
Q349588,0,6,6
Q3496304,8,0,8
Q34969,55,11,66
Q349690,18,1,19
Q34970,27,3,30
Q34975,22,17,39
Q349750,0,6,6
Q349799,22,0,22
Q34981,59,7,66
Q3498519,0,5,5
Q349852,19,11,30
Q349857,13,9,22
Q35,83,45,128
Q350,20,29,49
Q3500963,0,7,7
Q35011,13,10,23
Q3501317,0,47,47
Q350134,1,5,6
Q35014,0,18,18
Q350194,11,10,21
Q350199,17,0,17
Q350208,14,4,18
Q3502206,12,1,13
Q35024,0,8,8
Q3502482,0,12,12
Q350255,14,7,21
Q35032,7,8,15
Q350405,19,15,34
Q35041,28,0,28
Q350422,21,6,27
Q350424,0,6,6
Q3504321,0,6,6
Q350459,9,5,14
Q35051,8,0,8
Q3505252,1,13,14
Q350588,14,1,15
Q35064,33,0,33
Q350640,24,6,30
Q350666,25,5,30
Q350678,17,4,21
Q350680,18,2,20
Q35069,1,0,1
Q350704,25,4,29
Q350714,11,6,17
Q350717,19,5,24
Q350721,19,0,19
Q350811,0,8,8
Q350819,0,7,7
Q350903,0,10,10
Q350979,1,5,6
Q351055,32,0,32
Q351061,22,0,22
Q351156,18,2,20
Q351290,0,5,5
Q351363,0,9,9
Q351479,18,1,19
Q35155,17,4,21
Q351563,10,3,13
Q35162,0,5,5
Q35171,30,0,30
Q35178,8,2,10
Q351812,15,11,26
Q351838,18,2,20
Q3518444,23,0,23
Q351849,12,8,20
Q351865,0,6,6
Q3518754,0,1,1
Q3519,12,2,14
Q3519495,7,0,7
Q352,36,12,48
Q352010,16,12,28
Q3520369,14,0,14
Q3520670,7,0,7
Q3520698,13,0,13
Q3521465,1,20,21
Q352180,21,7,28
Q3521977,10,1,11
Q352203,19,13,32
Q3523130,9,0,9
Q35236,30,0,30
Q35243,0,6,6
Q352431,50,0,50
Q352460,19,0,19
Q352473,17,1,18
Q3524762,3,0,3
Q352540,18,6,24
Q352547,0,8,8
Q35269,0,6,6
Q352708,0,5,5
Q352730,19,8,27
Q352748,16,4,20
Q352766,30,0,30
Q35277,1,7,8
Q35286,23,0,23
Q3528653,0,5,5
Q352878,21,0,21
Q352935,0,5,5
Q3530068,11,0,11
Q353023,21,0,21
Q3530722,0,11,11
Q3530867,10,2,12
Q353117,0,10,10
Q35314,0,5,5
Q353142,0,5,5
Q353155,0,8,8
Q3531774,14,0,14
Q3531810,8,3,11
Q3531913,10,2,12
Q3532,7,3,10
Q35323,19,5,24
Q35332,45,42,87
Q35339,8,6,14
Q353501,0,5,5
Q353511,18,3,21
Q3535117,0,5,5
Q3536506,0,7,7
Q3536811,6,0,6
Q353755,13,3,16
Q35381,11,2,13
Q353978,20,11,31
Q354010,0,11,11
Q354031,0,7,7
Q354059,4,1,5
Q3540690,7,2,9
Q354181,23,2,25
Q3543509,3,4,7
Q354496,19,0,19
Q354508,40,0,40
Q35456,0,7,7
Q354654,14,0,14
Q3546604,0,6,6
Q3547550,6,3,9
Q35476,12,4,16
Q354783,0,3,3
Q35484,22,2,24
Q354873,12,6,18
Q35497,2,13,15
Q355009,25,1,26
Q355038,9,3,12
Q3551,11,2,13
Q355116,15,6,21
Q355125,21,6,27
Q3551294,5,3,8
Q355133,16,8,24
Q355153,25,3,28
Q355163,16,8,24
Q355168,0,6,6
Q355173,8,0,8
Q3551781,0,5,5
Q355209,17,19,36
Q35525,1,8,9
Q355300,19,11,30
Q355392,0,6,6
Q35541239,0,7,7
Q3555855,0,6,6
Q3556413,0,7,7
Q355652,18,2,20
Q3556780,4,1,5
Q3557,4,5,9
Q35572,12,6,18
Q355748,17,0,17
Q35581,8,1,9
Q355835,0,6,6
Q3559093,0,5,5
Q356038,19,0,19
Q3560496,1,8,9
Q3560678,0,6,6
Q356086,12,8,20
Q3561,17,4,21
Q35610,43,4,47
Q356109,17,2,19
Q356129,22,1,23
Q3561900,1,5,6
Q35622,16,1,17
Q356275,0,13,13
Q356287,0,5,5
Q356303,16,8,24
Q35630424,1,7,8
Q356305,26,0,26
Q356309,18,1,19
Q35637,18,38,56
Q356383,14,7,21
Q35648,40,0,40
Q356480,19,0,19
Q356487,18,4,22
Q356541,24,4,28
Q35657,0,49,49
Q3565868,10,2,12
Q35677307,0,29,29
Q3568109,0,8,8
Q3568461,0,8,8
Q3568752,12,3,15
Q3569323,0,6,6
Q356986,27,2,29
Q357001,20,13,33
Q357014,34,4,38
Q35715,22,9,31
Q3572,15,3,18
Q35724,0,10,10
Q35738,41,0,41
Q357515,19,0,19
Q35752,14,0,14
Q357546,12,0,12
Q35760,0,26,26
Q357608,17,7,24
Q357627,21,6,27
Q35765,19,7,26
Q357676,27,0,27
Q3577037,80,1,81
Q357726,10,8,18
Q35775,12,5,17
Q357762,15,17,32
Q3577853,8,0,8
Q3578133,4,3,7
Q3578589,3,26,29
Q3579,12,2,14
Q3579035,0,7,7
Q35791,27,3,30
Q35794,23,51,74
Q35802,45,11,56
Q358032,11,3,14
Q35805,0,6,6
Q358322,14,0,14
Q358345,25,8,33
Q358379,18,0,18
Q35851,23,4,27
Q3586,5,3,8
Q35869,10,2,12
Q358702,9,0,9
Q358714,14,10,24
Q35874,8,5,13
Q3589,54,0,54
Q358990,16,7,23
Q359311,17,16,33
Q359325,0,9,9
Q35933,4,1,5
Q359331,0,7,7
Q359377,21,0,21
Q3594060,5,0,5
Q359416,17,4,21
Q35942,1,4,5
Q359488,0,6,6
Q359491,0,7,7
Q35951,24,0,24
Q3595129,10,0,10
Q3595178,13,0,13
Q3595311,11,1,12
Q3595438,13,0,13
Q3595455,11,0,11
Q3595480,8,0,8
Q3595806,12,1,13
Q3595808,2,12,14
Q359604,13,7,20
Q359665,29,7,36
Q3596857,4,1,5
Q3596884,4,1,5
Q3596897,4,1,5
Q359789,21,0,21
Q35986,12,8,20
Q359873,0,8,8
Q35990,0,5,5
Q359969,11,0,11
Q35997,14,0,14
Q36,101,49,150
Q360002,11,8,19
Q36001,0,5,5
Q360036,14,5,19
Q3600406,0,25,25
Q3600480,7,0,7
Q3600481,6,0,6
Q360313,10,5,15
Q36036,30,2,32
Q3603946,0,7,7
Q360426,1,4,5
Q3604509,0,1,1
Q360477,20,5,25
Q360528,0,7,7
Q3605852,5,0,5
Q3606216,0,5,5
Q360642,17,5,22
Q360663,0,5,5
Q360674,14,4,18
Q36071,0,5,5
Q360737,0,7,7
Q36074,15,8,23
Q36091,17,25,42
Q36092,35,1,36
Q360927,20,5,25
Q361,27,80,107
Q36105,23,0,23
Q36109,0,8,8
Q361149,64,7,71
Q361154,0,5,5
Q361158,0,5,5
Q361208,16,2,18
Q361238,20,6,26
Q361290,0,7,7
Q361308,0,8,8
Q361336,16,9,25
Q36137,0,6,6
Q361400,11,6,17
Q361412,0,7,7
Q361431,18,1,19
Q361461,0,5,5
Q36147,0,5,5
Q36153,1,10,11
Q3615392,4,3,7
Q36154,0,8,8
Q36159,46,1,47
Q3616,16,9,25
Q361610,12,20,32
Q36163,0,7,7
Q361630,16,5,21
Q3616482,0,6,6
Q361653,35,0,35
Q361670,19,0,19
Q361683,18,0,18
Q36180,4,843,847
Q36184,14,2,16
Q36192,10,1,11
Q361927,18,0,18
Q361981,23,2,25
Q362,37,278,315
Q36202,0,6,6
Q362061,0,7,7
Q36215,0,5,5
Q362210,0,5,5
Q362332,32,12,44
Q362353,26,1,27
Q36236,11,44,55
Q3624,12,5,17
Q3624078,0,220,220
Q362500,16,14,30
Q362559,13,5,18
Q3625727,4,8,12
Q362616,0,7,7
Q36264959,0,5,5
Q3626525,8,0,8
Q362697,10,6,16
Q36279,8,2,10
Q362793,15,1,16
Q362824,0,12,12
Q362876,8,1,9
Q36290,35,3,38
Q3629023,8,8,16
Q36297,0,12,12
Q3630,18,4,22
Q3630005,11,0,11
Q36301,25,12,37
Q363019,19,0,19
Q3630199,3,0,3
Q363117,0,8,8
Q36312,11,10,21
Q3631402,6,0,6
Q3631478,5,0,5
Q36322,30,2,32
Q3632326,4,0,4
Q363241,13,7,20
Q363271,17,10,27
Q363386,22,6,28
Q3633978,11,0,11
Q363400,0,7,7
Q363402,0,12,12
Q363413,16,10,26
Q3634256,13,1,14
Q3634702,4,12,16
Q3634883,0,5,5
Q363518,0,6,6
Q363653,0,5,5
Q363666,0,6,6
Q363691,0,5,5
Q363698,25,1,26
Q36380,14,4,18
Q363810,0,3,3
Q36389,6,14,20
Q36392,0,5,5
Q3639301,0,10,10
Q363989,18,5,23
Q3640,19,2,21
Q364017,14,24,38
Q36405,22,4,26
Q364131,21,0,21
Q364135,20,5,25
Q36433,13,1,14
Q364342,21,10,31
Q36442,3,5,8
Q364421,12,0,12
Q3644473,0,6,6
Q36451,0,5,5
Q36460247,0,26,26
Q364631,12,0,12
Q364698,6,1,7
Q36479,72,5,77
Q364864,25,0,25
Q364873,20,0,20
Q364875,31,1,32
Q364881,36,4,40
Q364884,11,0,11
Q36495,0,7,7
Q365,36,7,43
Q365023,17,10,27
Q365042,24,0,24
Q3650742,4,0,4
Q365090,19,1,20
Q36510,1,14,15
Q365199,27,1,28
Q365230,0,18,18
Q365310,14,2,16
Q3655367,0,3,3
Q36561,0,10,10
Q365633,15,3,18
Q365844,20,10,30
Q36591,0,8,8
Q36600,29,7,36
Q3660535,0,5,5
Q366113,18,4,22
Q36612,0,6,6
Q366322,0,5,5
Q36633,0,11,11
Q3664507,0,4,4
Q36647,13,6,19
Q366563,23,2,25
Q3665646,2,28,30
Q366580,1,0,1
Q366584,16,1,17
Q36661,39,4,43
Q366643,18,2,20
Q36669,0,7,7
Q366700,20,1,21
Q36678,6,3,9
Q366804,17,0,17
Q366834,22,3,25
Q36687,26,8,34
Q366876,1,4,5
Q366956,21,0,21
Q366959,4,2,6
Q367032,26,6,32
Q36704,19,13,32
Q36705,0,5,5
Q367073,24,3,27
Q367084,15,0,15
Q367094,21,7,28
Q367155,20,9,29
Q367466,0,8,8
Q36767,28,12,40
Q367691,12,1,13
Q367813,15,9,24
Q36784,0,11,11
Q368037,0,7,7
Q368045,8,2,10
Q368085,0,12,12
Q368091,18,0,18
Q368215,0,10,10
Q368290,0,18,18
Q36834,7,681,688
Q36840,0,5,5
Q36844,29,4,33
Q368493,0,5,5
Q368500,4,0,4
Q3685364,0,5,5
Q368794,0,5,5
Q368831,21,2,23
Q368913,15,5,20
Q36908,5,0,5
Q369174,14,1,15
Q369175,16,7,23
Q369190,19,0,19
Q369195,0,8,8
Q3692,5,2,7
Q3692889,1,5,6
Q3692891,1,6,7
Q3692892,1,6,7
Q3692894,1,6,7
Q3692895,1,6,7
Q3692897,0,6,6
Q369292,14,4,18
Q369388,23,1,24
Q369424,19,3,22
Q36944,0,5,5
Q36947,17,3,20
Q369482,0,5,5
Q36949,42,47,89
Q369492,31,0,31
Q36970,44,12,56
Q369706,6,1,7
Q369717,17,6,23
Q369747,3,122,125
Q369786,0,5,5
Q369900,32,0,32
Q3699593,3,6,9
Q37,67,13,80
Q3700480,0,6,6
Q370102,11,9,20
Q37024,1,8,9
Q37030,50,3,53
Q37033,0,24,24
Q3703332,0,5,5
Q3703463,0,13,13
Q3703465,0,8,8
Q3703758,0,6,6
Q37038,12,0,12
Q370400,12,0,12
Q37043,13,5,18
Q37049,0,32,32
Q370515,5,2,7
Q370619,11,1,12
Q370654,7,3,10
Q37066,9,1,10
Q370712,5,0,5
Q37073,6,321,327
Q370765,0,6,6
Q3707715,1,0,1
Q37079,31,36,67
Q37083,0,10,10
Q370862,0,5,5
Q370915,2,6,8
Q370918,16,13,29
Q3709211,3,4,7
Q37093,7,0,7
Q37100,15,4,19
Q3711,25,10,35
Q3713649,10,6,16
Q371395,3,0,3
Q371400,2,4,6
Q37143,0,8,8
Q371430,11,10,21
Q3714946,5,1,6
Q3714948,5,1,6
Q37153,8,0,8
Q37156,28,3,31
Q37158,10,0,10
Q37160,40,7,47
Q371625,5,12,17
Q371732,1,8,9
Q37175,44,29,73
Q371782,15,0,15
Q371786,10,8,18
Q3718,11,1,12
Q371938,15,0,15
Q371972,0,7,7
Q371986,19,0,19
Q372073,22,5,27
Q372103,11,0,11
Q37211,13,5,18
Q372123,28,12,40
Q372256,15,2,17
Q37226,10,43,53
Q37230,11,5,16
Q372311,33,19,52
Q372394,20,6,26
Q3724,6,4,10
Q372436,0,42,42
Q372454,5,0,5
Q3724813,0,7,7
Q372489,14,0,14
Q372514,37,1,38
Q372559,10,1,11
Q372599,3,2,5
Q37260,0,5,5
Q372608,13,5,18
Q372613,0,5,5
Q3726488,0,5,5
Q372654,0,9,9
Q372701,4,14,18
Q372788,0,5,5
Q37285,1,37,38
Q372893,0,11,11
Q372921,14,2,16
Q372947,0,8,8
Q372959,41,0,41
Q373034,0,5,5
Q373096,28,0,28
Q373128,0,5,5
Q37320,18,39,57
Q373232,0,3,3
Q373267,38,0,38
Q37327,34,2,36
Q373303,0,11,11
Q373342,2,42,44
Q3734888,0,14,14
Q373501,1,6,7
Q373709,1,0,1
Q37383,0,7,7
Q37388,44,3,47
Q373895,45,8,53
Q3739104,2,0,2
Q373933,6,0,6
Q373968,19,9,28
Q373976,14,8,22
Q373989,15,12,27
Q374065,22,10,32
Q374093,14,9,23
Q3742388,0,8,8
Q374254,3,0,3
Q374273,0,5,5
Q374346,16,8,24
Q374365,7,1,8
Q374447,0,11,11
Q3745071,0,6,6
Q37453,0,5,5
Q3745429,0,8,8
Q3745430,0,7,7
Q374586,0,10,10
Q37459,37,21,58
Q374624,0,5,5
Q37467350,1,4,5
Q37470,2,10,12
Q374747,11,0,11
Q374754,22,4,26
Q3748,14,1,15
Q374979,3,2,5
Q375108,5,2,7
Q37525,9,3,12
Q375314,10,0,10
Q3753203,0,6,6
Q375336,0,10,10
Q375419,18,2,20
Q37548,14,1,15
Q375590,0,8,8
Q375606,11,2,13
Q3757,18,1,19
Q375792,32,0,32
Q3758467,7,13,20
Q375855,31,1,32
Q375990,0,5,5
Q376031,0,7,7
Q3760469,0,5,5
Q3761,11,4,15
Q376107,13,10,23
Q376130,0,6,6
Q376131,17,12,29
Q376138,0,5,5
Q376144,34,0,34
Q376150,0,182,182
Q376176,0,6,6
Q37621,37,3,40
Q37628,41,10,51
Q37643,5,19,24
Q3765029,9,0,9
Q376563,9,3,12
Q3766,22,1,23
Q376635,3,0,3
Q376736,0,6,6
Q376749,7,0,7
Q376807,38,1,39
Q376834,0,13,13
Q376880,2,0,2
Q376981,0,5,5
Q37701,9,5,14
Q377072,0,7,7
Q3772,54,40,94
Q3772556,5,1,6
Q3772571,0,25,25
Q37726,0,7,7
Q377293,8,16,24
Q377317,4,14,18
Q377424,13,10,23
Q3774289,5,3,8
Q3774292,3,1,4
Q3774974,0,10,10
Q3775029,0,24,24
Q3776459,0,5,5
Q377662,12,8,20
Q37767,70,3,73
Q3777384,1,4,5
Q377789,21,1,22
Q3778115,4,0,4
Q3778264,0,6,6
Q3778705,22,1,23
Q377903,16,2,18
Q377910,5,4,9
Q3780,8,3,11
Q378311,34,1,35
Q3783517,0,7,7
Q37836,16,13,29
Q378422,0,5,5
Q378427,0,36,36
Q3784765,0,5,5
Q378527,10,4,14
Q378567,6,1,7
Q3785692,8,2,10
Q378670,1,5,6
Q378672,15,5,20
Q37876,46,23,69
Q3788522,0,4,4
Q378858,32,0,32
Q378913,20,0,20
Q378988,4,15,19
Q379052,7,6,13
Q379157,13,3,16
Q379171,22,1,23
Q379202,1,4,5
Q37922,30,63,93
Q37951,13,1,14
Q379604,16,1,17
Q379671,5,10,15
Q379808,10,11,21
Q379811,0,6,6
Q37985,17,3,20
Q379852,7,0,7
Q3798668,7,0,7
Q379873,49,3,52
Q379877,35,0,35
Q37995,9,3,12
Q379994,29,0,29
Q38,139,313,452
Q380,16,2,18
Q380113,17,1,18
Q38022,20,28,48
Q380237,18,2,20
Q3802518,0,6,6
Q380272,28,14,42
Q38033430,0,201,201
Q380340,0,12,12
Q380381,22,3,25
Q3805,11,1,12
Q380519,23,0,23
Q3805577,0,5,5
Q380579,22,2,24
Q380608,0,16,16
Q38066,2,0,2
Q3806623,0,13,13
Q38072107,0,5,5
Q3807701,8,0,8
Q3807787,6,0,6
Q3807815,0,7,7
Q38082,41,4,45
Q3808389,0,6,6
Q380841,28,1,29
Q380848,34,0,34
Q380849,18,2,20
Q380856,19,10,29
Q380869,17,0,17
Q380884,1,6,7
Q380904,11,7,18
Q380920,0,6,6
Q3809514,0,5,5
Q380981,50,0,50
Q381028,20,0,20
Q38104,8,12,20
Q38108,3,3,6
Q38111,0,21,21
Q3811598,5,0,5
Q38119,22,6,28
Q381203,19,11,30
Q381243,1,1,2
Q381285,18,9,27
Q38130,10,14,24
Q38138,0,5,5
Q38142,6,0,6
Q3814532,16,0,16
Q381477,28,1,29
Q3815,41,0,41
Q381545,7,5,12
Q381561,15,6,21
Q381664,0,6,6
Q381731,39,0,39
Q381751,37,1,38
Q381768,13,7,20
Q381791,0,7,7
Q381799,21,8,29
Q381807,0,9,9
Q381823,16,0,16
Q381841,0,5,5
Q381896,0,5,5
Q38193,50,9,59
Q381934,14,0,14
Q381982,18,1,19
Q3820,18,9,27
Q382036,22,3,25
Q38216,3,0,3
Q382197,0,22,22
Q38222,41,39,80
Q382257,15,1,16
Q382289,15,2,17
Q382295,0,8,8
Q38234,19,0,19
Q38239859,1,9,10
Q382420,20,3,23
Q38245,19,2,21
Q38253,13,0,13
Q38257,17,1,18
Q382616,2,3,5
Q3826929,0,6,6
Q3827125,0,5,5
Q38272,11,4,15
Q3827280,0,6,6
Q3827282,0,6,6
Q3827284,0,6,6
Q3827469,0,10,10
Q3827483,6,4,10
Q382780,0,7,7
Q3827891,0,6,6
Q3827956,0,11,11
Q38280,4,0,4
Q38283,17,8,25
Q382864,36,0,36
Q382882,16,0,16
Q382890,18,3,21
Q383064,0,5,5
Q383092,0,15,15
Q3831197,0,9,9
Q38337,26,0,26
Q383434,5,0,5
Q383528,13,9,22
Q383590,3,2,5
Q38370,0,7,7
Q3838,13,0,13
Q38383,3,1,4
Q3838997,0,5,5
Q38392,28,12,40
Q383930,0,7,7
Q383982,5,3,8
Q384,17,2,19
Q384004,16,12,28
Q38404,7,9,16
Q3840596,3,3,6
Q3841592,0,4,4
Q3841620,0,5,5
Q3841639,8,5,13
Q3841642,0,6,6
Q3841643,0,5,5
Q3843364,6,3,9
Q384397,32,0,32
Q384452,0,5,5
Q384464,4,2,6
Q38447,0,4,4
Q38451321,0,5,5
Q38453,14,3,17
Q384535,0,43,43
Q38457,0,4,4
Q38470,0,5,5
Q384890,4,2,6
Q384930,1,8,9
Q3850454,0,7,7
Q3850525,0,5,5
Q385055,21,8,29
Q385058,0,5,5
Q385060,4,0,4
Q38511,27,4,31
Q385158,0,6,6
Q385186,4,37,41
Q385365,10,1,11
Q385378,2,9,11
Q385452,5,1,6
Q385471,4,20,24
Q38555,16,11,27
Q385558,3,1,4
Q3856,10,7,17
Q3856160,0,5,5
Q385618,10,0,10
Q385669,2,1,3
Q3857162,3,2,5
Q386053,29,0,29
Q3861,5,3,8
Q38610,1,5,6
Q386120,1,4,5
Q386249,0,12,12
Q386291,41,0,41
Q3863,6,0,6
Q386349,0,6,6
Q38656,4,7,11
Q38659474,0,5,5
Q3866537,0,26,26
Q386724,1,4,5
Q386854,6,37,43
Q38686,3,0,3
Q3869,19,3,22
Q3870,6,4,10
Q387047,4,81,85
Q387066,1,5,6
Q3872,1,4,5
Q38723,0,46,46
Q38726,2,0,2
Q387312,3,0,3
Q3873144,13,16,29
Q3873146,1,2,3
Q3873147,0,5,5
Q38733,11,6,17
Q3873546,0,7,7
Q387380,3,9,12
Q387539,9,18,27
Q3875639,0,5,5
Q38757,34,4,38
Q387601,46,1,47
Q387638,48,0,48
Q387674,13,0,13
Q38789,2,4,6
Q3879177,1,5,6
Q387943,14,1,15
Q38799,5,0,5
Q388,10,2,12
Q38807,2,1,3
Q388296,1,0,1
Q388319,39,0,39
Q388338,5,0,5
Q388360,48,0,48
Q388433,0,9,9
Q38848,8,73,81
Q388557,0,8,8
Q3886119,1,0,1
Q3886464,0,4,4
Q38872,19,6,25
Q38875,20,7,27
Q388858,4,0,4
Q388906,4,1,5
Q388950,37,0,37
Q3889692,0,5,5
Q388972,3,0,3
Q388978,9,1,10
Q38903,16,107,123
Q38926,7,5,12
Q389261,4,0,4
Q389284,1,5,6
Q38933,9,13,22
Q389336,5,48,53
Q3894,5,1,6
Q389628,0,7,7
Q389636,0,6,6
Q389654,4,0,4
Q389735,0,17,17
Q3898080,0,17,17
Q3898137,0,6,6
Q389849,11,0,11
Q389879,3,0,3
Q3899138,0,13,13
Q3899724,22,1,23
Q39,91,100,191
Q390018,3,3,6
Q390047,11,1,12
Q390052,43,0,43
Q390063,48,0,48
Q390076,52,0,52
Q390097,53,0,53
Q390120,31,2,33
Q390141,10,1,11
Q390256,4,0,4
Q39037,21,2,23
Q39042,11,1,12
Q390583,6,2,8
Q390989,3,0,3
Q391028,27,4,31
Q3910482,0,5,5
Q39109,10,2,12
Q391166,0,5,5
Q391172,38,0,38
Q39121,12,6,18
Q39129,0,11,11
Q391353,6,0,6
Q391359,0,9,9
Q3914,0,12,12
Q391445,0,6,6
Q391542,42,2,44
Q3915562,0,6,6
Q391629,0,9,9
Q391698,0,6,6
Q39178,9,3,12
Q391784,43,0,43
Q3918,0,213,213
Q3919027,0,11,11
Q39193,19,1,20
Q391969,9,0,9
Q392,80,15,95
Q392062,33,0,33
Q3921,4,2,6
Q39212,31,4,35
Q392156,0,8,8
Q3922505,0,13,13
Q3923,19,1,20
Q392310,4,0,4
Q392355,32,0,32
Q392441,32,0,32
Q3924474,0,6,6
Q39246,34,1,35
Q3925,0,7,7
Q392530,61,0,61
Q392565,0,5,5
Q392586,0,9,9
Q392599,11,3,14
Q3926,11,5,16
Q392667,13,5,18
Q392696,18,0,18
Q392739,0,7,7
Q3927614,0,13,13
Q392904,14,0,14
Q392933,0,5,5
Q393,25,0,25
Q3930,5,6,11
Q3930216,3,3,6
Q39312813,0,5,5
Q393159,0,5,5
Q3931801,0,7,7
Q39330,4,0,4
Q39338,8,4,12
Q3934844,0,5,5
Q39359896,0,6,6
Q3936377,0,5,5
Q39367,0,5,5
Q393686,4,136,140
Q3938408,0,16,16
Q39384825,0,20,20
Q3940081,0,5,5
Q394067,0,12,12
Q39427,2,0,2
Q394452,4,0,4
Q394474,4,1,5
Q3944788,0,6,6
Q39450,7,0,7
Q3945964,0,5,5
Q394607,15,3,18
Q3946621,1,4,5
Q39473,17,5,22
Q39476,25,7,32
Q39477935,0,25,25
Q3948147,0,5,5
Q395,17,17,34
Q3950833,4,1,5
Q3950963,5,0,5
Q3950969,5,1,6
Q395205,25,5,30
Q395274,29,6,35
Q3952813,24,8,32
Q3952829,0,7,7
Q3952855,0,5,5
Q3953320,1,0,1
Q395411,22,0,22
Q3955,26,4,30
Q39561,10,55,65
Q39562,12,1,13
Q3957,0,103,103
Q39571,19,2,21
Q395793,0,6,6
Q3959303,10,11,21
Q3959323,0,5,5
Q39594,3,0,3
Q396,37,13,50
Q3960,1,8,9
Q39614,0,14,14
Q39631,6,11,17
Q39634,0,5,5
Q39639,17,0,17
Q3966,8,5,13
Q39666,0,18,18
Q397,9,67,76
Q39709,16,7,23
Q39722,25,0,25
Q3972928,0,7,7
Q3972943,1,11,12
Q3973330,0,5,5
Q397343,6,1,7
Q3976501,1,0,1
Q3976987,5,1,6
Q39777,2,1,3
Q3978224,0,5,5
Q397905,7,3,10
Q39792,37,32,69
Q398,45,8,53
Q39809,7,2,9
Q39829,48,10,58
Q39845173,0,12,12
Q3984794,78,0,78
Q398939,6,6,12
Q399,66,12,78
Q399076,0,5,5
Q3990883,0,20,20
Q39913,6,0,6
Q39918,0,5,5
Q3993187,7,1,8
Q3994960,3,0,3
Q3994962,3,0,3
Q3994963,3,0,3
Q3994964,3,0,3
Q3994965,3,0,3
Q3994966,3,0,3
Q3994967,3,0,3
Q3994968,3,0,3
Q3994969,3,0,3
Q3994970,3,0,3
Q3994971,3,0,3
Q3994972,4,0,4
Q3994973,3,0,3
Q3994974,4,0,4
Q3994975,3,0,3
Q3994976,3,0,3
Q3994977,3,0,3
Q3994978,3,0,3
Q3994979,3,0,3
Q3994980,3,0,3
Q3994981,3,0,3
Q399643,3,0,3
Q39965,11,8,19
Q39972,14,11,25
Q39974,0,6,6
Q39975,29,1,30
Q39979,11,6,17
Q399823,27,0,27
Q39983,0,6,6
Q39984,9,7,16
Q39989,19,4,23
Q399976,4,4,8
Q4,11,16,27
Q40,89,94,183
Q400007,6,75,81
Q40024,0,29,29
Q40026,40,46,86
Q40030,9,2,11
Q40032,10,4,14
Q40035,25,16,41
Q40048,13,5,18
Q4005789,5,8,13
Q4005797,7,1,8
Q4005852,0,5,5
Q4005967,0,5,5
Q40064,19,9,28
Q40069,18,4,22
Q4007954,0,6,6
Q4008476,0,6,6
Q40087,11,3,14
Q40090,12,3,15
Q40096,63,25,88
Q400985,31,0,31
Q40103,1,4,5
Q40115,38,1,39
Q40117,10,1,11
Q40124,18,2,20
Q4013057,14,2,16
Q40143,20,5,25
Q4015057,5,0,5
Q4018598,16,0,16
Q40187,34,1,35
Q40191,11,2,13
Q401976,37,1,38
Q40213,28,5,33
Q4022,0,7,7
Q40228,12,4,16
Q40237,0,14,14
Q4024,27,1,28
Q40248,17,7,24
Q402645,24,1,25
Q40269,12,2,14
Q4027534,74,3,77
Q4028,40,6,46
Q4029,12,0,12
Q402913,6,3,9
Q402971,0,12,12
Q40299,11,5,16
Q403,59,31,90
Q4030,41,6,47
Q40321,28,3,31
Q40325,8,4,12
Q4033111,0,5,5
Q40337,20,8,28
Q40340,11,1,12
Q40345,9,2,11
Q40347,6,6,12
Q40348,1,54,55
Q40357,13,0,13
Q40358,0,6,6
Q403714,5,1,6
Q4039,23,1,24
Q403902,14,10,24
Q4041684,0,18,18
Q4042,22,0,22
Q4043197,5,9,14
Q40435,18,24,42
Q40469,7,1,8
Q40473,9,2,11
Q40475,16,4,20
Q405,0,7,7
Q40504,35,17,52
Q40523,33,23,56
Q40531,38,9,47
Q40561,3,1,4
Q40572,24,15,39
Q40580,20,0,20
Q406,27,19,46
Q406039,2,1,3
Q40640,56,3,59
Q406402,8,6,14
Q40662,0,6,6
Q40683907,0,8,8
Q4070,20,0,20
Q40715,40,13,53
Q407184,46,0,46
Q40734,2,1,3
Q407426,342,2,344
Q407699,72,3,75
Q40779,0,2,2
Q4078480,0,5,5
Q40787,53,2,55
Q40791,35,21,56
Q408,149,293,442
Q40821,6,0,6
Q40831,13,40,53
Q40840,13,0,13
Q40844,11,2,13
Q408524,6,0,6
Q408535,5,0,5
Q4086271,0,55,55
Q40874,34,4,38
Q408744,4,7,11
Q40878,12,6,18
Q408804,0,5,5
Q40881,12,2,14
Q40898,14,1,15
Q409,24,9,33
Q409022,33,0,33
Q40909,27,7,34
Q40912,65,9,74
Q4091875,0,8,8
Q4091878,0,32,32
Q4093,25,31,56
Q409468,5,0,5
Q40949,0,11,11
Q40956,13,6,19
Q41,90,65,155
Q410,36,2,38
Q4100,29,1,30
Q4101775,45,0,45
Q41042,39,6,45
Q41053,12,0,12
Q41057,13,5,18
Q41076,50,3,53
Q41079,0,6,6
Q41087,14,6,20
Q4109,22,9,31
Q41131,11,1,12
Q41142,38,10,48
Q4114391,0,243,243
Q41148,63,47,110
Q4115013,1,3,4
Q4115170,1,2,3
Q4115199,5,0,5
Q41155,0,5,5
Q4115565,0,6,6
Q4115622,10,0,10
Q4115624,12,0,12
Q4115680,0,5,5
Q4115712,17,1,18
Q4115716,11,0,11
Q4116209,0,6,6
Q41163,52,21,73
Q41166,39,1,40
Q41173,41,0,41
Q41176,1,5,6
Q41183,21,0,21
Q41185,10,5,15
Q41187,19,23,42
Q4118873,0,8,8
Q4119,24,0,24
Q4119009,5,0,5
Q4119316,6,2,8
Q4119907,13,0,13
Q4120832,0,5,5
Q41211,12,5,17
Q41217,0,6,6
Q412197,6,0,6
Q4122219,4,1,5
Q41233,11,9,20
Q412366,210,0,210
Q412415,8,0,8
Q412443,5,0,5
Q412502,4,0,4
Q41253,2,2,4
Q41254,12,151,163
Q41262,12,6,18
Q412643,0,5,5
Q4129653,24,1,25
Q413,7,12,19
Q41304,24,57,81
Q41309,50,0,50
Q4131,10,1,11
Q41323,4,110,114
Q41329,24,3,27
Q41340,0,5,5
Q41342,39,4,43
Q41343,4,0,4
Q4134457,3,1,4
Q41351,44,16,60
Q41358,18,6,24
Q41375,26,26,52
Q41396,19,11,30
Q414,71,44,115
Q414110,0,12,12
Q4141350,2,9,11
Q41417,5,371,376
Q41420,9,0,9
Q41421,43,4,47
Q41422,43,15,58
Q41425,8,3,11
Q41428,0,5,5
Q41449,15,15,30
Q414574,0,6,6
Q41466,5,59,64
Q415054,4,1,5
Q41506,30,37,67
Q41513,34,5,39
Q41532,29,2,31
Q41548,33,14,47
Q41550,10,35,45
Q41571,12,2,14
Q41585,39,0,39
Q41594,46,5,51
Q41611,0,7,7
Q41614,0,64,64
Q41621,14,3,17
Q41644,0,8,8
Q4164507,3,4,7
Q4164871,0,71,71
Q4165383,0,6,6
Q4167639,0,29,29
Q41705,13,5,18
Q41710,0,52,52
Q417175,0,12,12
Q4171772,4,1,5
Q4172230,0,9,9
Q41726,9,10,19
Q4172847,5,2,7
Q4173137,0,464,464
Q4175034,3,1,4
Q41754,32,1,33
Q4175466,3,0,3
Q41795465,0,6,6
Q418,4,2,6
Q418151,0,5,5
Q41819,17,21,38
Q4184,0,6,6
Q41854,28,0,28
Q418560,5,0,5
Q41861,5,4,9
Q41871,43,15,58
Q418736,10,0,10
Q41876,13,2,15
Q418762,12,1,13
Q418817,4,0,4
Q4189614,0,7,7
Q419,46,19,65
Q4191,17,1,18
Q41918,8,1,9
Q419454,18,22,40
Q419466,16,1,17
Q41967,9,6,15
Q41981607,0,38,38
Q41984,1,8,9
Q4198907,1,37,38
Q42,32,3,35
Q420,19,12,31
Q42025,29,1,30
Q42043175,0,6,6
Q42045,2,3,5
Q42047,53,0,53
Q42051,55,0,55
Q42053,19,0,19
Q420822,9,2,11
Q420880,12,0,12
Q4209223,0,6,6
Q4209421,0,10,10
Q42101,35,24,59
Q421094,3,0,3
Q4212,18,14,32
Q42156,54,2,56
Q4215834,4,1,5
Q421707,19,4,23
Q421713,6,0,6
Q421733,12,0,12
Q42178,7,3,10
Q42182,0,7,7
Q42183,8,6,14
Q42186,5,6,11
Q42189,12,3,15
Q421960,0,5,5
Q421963,3,2,5
Q421974,8,4,12
Q42198,47,1,48
Q42201,3,5,8
Q42204,21,15,36
Q42207,17,0,17
Q4220892,0,8,8
Q4220897,10,0,10
Q4220898,0,22,22
Q4220900,40,34,74
Q4220901,0,26,26
Q4220917,0,8,8
Q4220920,0,12,12
Q422232,8,0,8
Q42229,29,23,52
Q4223,0,5,5
Q42240,5,6,11
Q42245028,0,5,5
Q4225496,0,6,6
Q422613,77,2,79
Q42262,0,18,18
Q422658,236,2,238
Q42267,20,4,24
Q4227,23,8,31
Q42293686,0,5,5
Q423,39,15,54
Q4230,0,11,11
Q42303753,0,7,7
Q42307030,0,5,5
Q42308,22,2,24
Q42309226,0,9,9
Q423208,2,3,5
Q42339,0,26,26
Q4235,48,7,55
Q42369,2,7,9
Q42372,10,0,10
Q42385,0,12,12
Q42392,0,5,5
Q4239850,0,29,29
Q424,51,14,65
Q424017,5,1,6
Q42402,39,0,39
Q42406,6,46,52
Q4241574,0,7,7
Q42418,10,1,11
Q42448,13,13,26
Q42455,0,6,6
Q42462,10,12,22
Q424763,1,0,1
Q42478,9,2,11
Q42482,9,0,9
Q42486,0,7,7
Q42493,51,6,57
Q42497,17,3,20
Q424984,3,3,6
Q42504,0,7,7
Q42511,38,5,43
Q4251124,14,0,14
Q42519,3,3,6
Q425675,8,5,13
Q42574,45,23,68
Q425772,11,3,14
Q42581,21,16,37
Q425821,33,2,35
Q42603,8,3,11
Q42620,4,1,5
Q42622,14,4,18
Q426227,3,2,5
Q426316,6,1,7
Q426352,30,0,30
Q4263804,0,8,8
Q4263830,0,5,5
Q4263842,0,42,42
Q426396,31,0,31
Q4264,0,6,6
Q426435,4,0,4
Q42646,8,6,14
Q426513,3,0,3
Q426631,30,0,30
Q426695,5,0,5
Q426828,37,0,37
Q426837,19,0,19
Q4268382,4,0,4
Q4270,21,0,21
Q427186,24,1,25
Q42722842,0,6,6
Q42728864,0,5,5
Q4273484,5,0,5
Q42735,13,3,16
Q427425,10,1,11
Q42744322,0,49,49
Q42745,21,1,22
Q427487,1,0,1
Q427529,16,1,17
Q427559,3,2,5
Q4275753,9,1,10
Q427611,4,10,14
Q42775,36,2,38
Q42786,52,8,60
Q42800,7,3,10
Q428023,0,11,11
Q428130,13,1,14
Q428152,0,4,4
Q428158,28,0,28
Q428211,4,1,5
Q428223,23,0,23
Q42834,0,6,6
Q428551,37,0,37
Q42857,7,2,9
Q428602,0,2,2
Q42869,46,34,80
Q428750,0,9,9
Q42880,11,6,17
Q428808,3,32,35
Q428819,18,8,26
Q42884,15,20,35
Q42909,0,7,7
Q4292083,0,13,13
Q429264,3,7,10
Q4293,0,5,5
Q42930,32,29,61
Q429319,7,1,8
Q429397,42,0,42
Q42941,19,2,21
Q42942,0,6,6
Q429557,19,1,20
Q42956,15,0,15
Q429561,6,1,7
Q429619,0,6,6
Q429687,0,10,10
Q429700,3,1,4
Q42973,8,11,19
Q429777,27,0,27
Q429863,15,0,15
Q42989,1,0,1
Q429973,0,7,7
Q43,82,39,121
Q430,6,6,12
Q430035,2,8,10
Q430070,3,1,4
Q43015,8,2,10
Q430267,8,3,11
Q43035,9,2,11
Q43044,24,14,38
Q430464,5,7,12
Q430525,3,0,3
Q430535,34,0,34
Q43056,3,8,11
Q43067,0,4,4
Q430804,0,6,6
Q43080994,0,5,5
Q430910,0,18,18
Q430922,23,5,28
Q431,14,3,17
Q43103,0,5,5
Q43113623,0,6,6
Q431191,2,8,10
Q431252,37,2,39
Q431289,0,8,8
Q431355,5,0,5
Q431356,0,13,13
Q431362,1,4,5
Q431415,2,2,4
Q43144,24,1,25
Q431611,12,2,14
Q43183,12,2,14
Q43189,24,2,26
Q43194,20,3,23
Q43196,20,21,41
Q43199,18,14,32
Q432,0,79,79
Q43200,0,1,1
Q43203,63,39,102
Q43210,0,5,5
Q432102,33,0,33
Q43213808,0,5,5
Q432152,7,1,8
Q432281,0,12,12
Q43229,0,49,49
Q432357,0,5,5
Q432362,28,5,33
Q432385,0,7,7
Q432386,2,4,6
Q432437,19,5,24
Q43247,25,12,37
Q432475,5,3,8
Q43252,36,5,41
Q432552,19,0,19
Q432582,31,0,31
Q43259,37,4,41
Q432598,16,10,26
Q432637,24,12,36
Q432638,0,5,5
Q43267,13,10,23
Q432686,0,8,8
Q43274,57,40,97
Q43284,0,16,16
Q432845,0,10,10
Q43287,32,62,94
Q432919,0,5,5
Q43293,40,2,42
Q432940,0,5,5
Q43301,9,6,15
Q433089,0,6,6
Q43310,24,5,29
Q433106,14,4,18
Q433113,0,6,6
Q433157,0,6,6
Q433198,0,6,6
Q43322,11,0,11
Q43325,17,3,20
Q43327,11,26,37
Q433417,29,6,35
Q43343,4,46,50
Q433513,10,3,13
Q433520,12,11,23
Q433537,11,3,14
Q43359,7,6,13
Q433692,0,5,5
Q43373515,0,5,5
Q43380,19,43,62
Q43382,13,2,15
Q433893,0,6,6
Q434014,0,5,5
Q43404,5,0,5
Q43407,15,3,18
Q4341553,25,0,25
Q43416,32,11,43
Q43421,19,16,35
Q434272,19,2,21
Q434291,0,10,10
Q43432,52,13,65
Q43433,7,5,12
Q434342,23,0,23
Q43444,25,6,31
Q43445,3,0,3
Q434497,12,1,13
Q43450,0,8,8
Q434500,0,7,7
Q4345832,0,8,8
Q434585,27,9,36
Q434593,22,0,22
Q434694,0,7,7
Q43475,11,1,12
Q434762,5,1,6
Q434763,0,7,7
Q434766,5,0,5
Q434841,11,239,250
Q435029,17,0,17
Q435034,18,0,18
Q43511,0,12,12
Q4351403,2,10,12
Q435241,15,0,15
Q435271,12,6,18
Q435312,9,5,14
Q4353408,0,7,7
Q4354215,0,7,7
Q4354624,6,0,6
Q4354658,18,0,18
Q435475,0,5,5
Q4354969,0,7,7
Q4355977,10,0,10
Q435681,16,0,16
Q435696,0,6,6
Q435789,23,0,23
Q435920,26,1,27
Q4359408,6,11,17
Q435965,22,0,22
Q436031,0,5,5
Q4361,8,1,9
Q436125,0,6,6
Q436187,17,3,20
Q436223,0,7,7
Q43631,17,4,21
Q436360,0,13,13
Q436451,0,5,5
Q436530,16,4,20
Q43656,84,3,87
Q436584,0,5,5
Q436638,14,3,17
Q43668,19,10,29
Q436712,30,1,31
Q436750,0,5,5
Q436789,0,5,5
Q43684,9,7,16
Q436847,10,5,15
Q4368975,11,0,11
Q43697,0,6,6
Q436996,0,5,5
Q437,20,1,21
Q43702,0,13,13
Q437135,0,7,7
Q43718,36,4,40
Q437255,24,0,24
Q437267,13,4,17
Q437449,0,5,5
Q437693,9,8,17
Q4376971,4,0,4
Q4376972,5,29,34
Q4376974,4,0,4
Q4376976,4,0,4
Q4376978,4,0,4
Q4376982,3,0,3
Q4376984,0,10,10
Q4377021,28,16,44
Q4377086,0,6,6
Q437752,33,6,39
Q437799,0,7,7
Q43788,20,7,27
Q437970,16,1,17
Q438051,19,0,19
Q4381016,18,0,18
Q438164,61,5,66
Q4382066,7,1,8
Q4382250,11,1,12
Q438330,0,5,5
Q438406,117,2,119
Q4384067,12,0,12
Q438445,12,8,20
Q43845,3,101,104
Q438472,18,3,21
Q438476,4,9,13
Q438503,5,15,20
Q438628,4,3,7
Q43874,48,19,67
Q43883,0,7,7
Q438908,0,8,8
Q439053,14,8,22
Q439163,0,5,5
Q43919,15,5,20
Q439302,19,0,19
Q439315,29,3,32
Q43934,13,4,17
Q439364,0,6,6
Q439438,11,7,18
Q439457,0,7,7
Q4395066,7,0,7
Q439536,0,7,7
Q439543,9,1,10
Q439778,0,5,5
Q439804,0,5,5
Q439853,0,5,5
Q439911,0,6,6
Q439939,12,2,14
Q43994,0,6,6
Q439949,21,0,21
Q440100,51,1,52
Q44016,7,1,8
Q440189,0,6,6
Q440283,15,0,15
Q440313,15,17,32
Q44059,9,3,12
Q44063,35,16,51
Q440728,0,7,7
Q44077,22,9,31
Q440910,0,13,13
Q440926,0,7,7
Q4412,1,16,17
Q44120,0,16,16
Q4412061,4,1,5
Q4412277,1,0,1
Q441288,8,0,8
Q44131,38,8,46
Q4413456,0,25,25
Q44149,4,0,4
Q4416090,0,25,25
Q441685,0,6,6
Q441713,0,5,5
Q44176,32,0,32
Q441888,0,5,5
Q44190,16,7,23
Q441913,13,16,29
Q44198,5,3,8
Q442207,18,0,18
Q44221,34,23,57
Q442300,15,12,27
Q442309,20,5,25
Q442310,0,9,9
Q4425196,0,5,5
Q442547,8,11,19
Q4426190,0,5,5
Q4426267,0,5,5
Q442668,12,1,13
Q44272,44,4,48
Q44279,24,0,24
Q442879,22,2,24
Q44294,14,0,14
Q44295,4,0,4
Q44296,4,0,4
Q4430,61,0,61
Q44301,37,0,37
Q443019,18,0,18
Q443044,0,6,6
Q44306,46,5,51
Q443063,0,12,12
Q443110,0,5,5
Q443128,1,7,8
Q443317,0,5,5
Q443343,0,7,7
Q443440,18,1,19
Q443534,0,6,6
Q443585,17,2,19
Q44380,29,21,50
Q443852,8,1,9
Q443961,18,7,25
Q4440,21,7,28
Q44410,25,8,33
Q44414,38,11,49
Q444210,12,1,13
Q444217,0,5,5
Q44426,35,4,39
Q4442602,0,5,5
Q44430,13,5,18
Q444312,12,3,15
Q444341,23,0,23
Q444344,0,10,10
Q444366,15,1,16
Q444392,0,4,4
Q4444,32,0,32
Q44440,5,0,5
Q444410,0,6,6
Q44442,15,6,21
Q444429,0,5,5
Q444480,0,5,5
Q44461,40,0,40
Q44467,20,15,35
Q444947,0,5,5
Q44508716,0,12,12
Q445116,12,3,15
Q44512,0,8,8
Q445125,13,9,22
Q445135,0,5,5
Q445146,10,5,15
Q445275,3,8,11
Q445302,18,1,19
Q445386,14,0,14
Q445438,22,0,22
Q445608,12,4,16
Q44561,18,10,28
Q445638,0,6,6
Q44564,11,2,13
Q44570,23,2,25
Q44578,100,4,104
Q445818,0,8,8
Q44585,8,6,14
Q445995,0,5,5
Q446083,0,10,10
Q446089,0,6,6
Q446227,11,6,17
Q4463076,0,5,5
Q44634,25,1,26
Q446427,28,4,32
Q44648,22,0,22
Q446481,32,3,35
Q446493,17,3,20
Q4465,40,30,70
Q446580,38,7,45
Q446717,21,9,30
Q44676,4,8,12
Q44679,5,6,11
Q44687,8,3,11
Q446960,26,7,33
Q447022,0,5,5
Q44707,23,3,26
Q44709,25,0,25
Q447397,0,5,5
Q44749,13,1,14
Q44754,7,3,10
Q447614,0,8,8
Q447669,13,21,34
Q447713,0,6,6
Q4478,14,6,20
Q447892,19,10,29
Q447933,0,10,10
Q447960,10,18,28
Q44806,6,3,9
Q44823,7,2,9
Q448235,14,0,14
Q448362,0,8,8
Q448416,0,5,5
Q44855,2,5,7
Q44857,28,0,28
Q448587,0,6,6
Q448604,0,5,5
Q448644,22,1,23
Q4488,21,9,30
Q4488425,0,6,6
Q44892,16,1,17
Q4489420,4,0,4
Q44903,26,8,34
Q449030,21,0,21
Q4491,16,11,27
Q449118,0,6,6
Q449220,16,7,23
Q449224,19,0,19
Q449238,0,8,8
Q44935,50,0,50
Q4493503,11,2,13
Q449521,17,14,31
Q449531,11,9,20
Q449580,0,5,5
Q449602,0,6,6
Q449658,10,0,10
Q449679,17,16,33
Q449822,0,5,5
Q449863,12,3,15
Q44989,10,13,23
Q4498974,0,47,47
Q449900,25,5,30
Q449947,11,3,14
Q449959,24,11,35
Q45,75,27,102
Q4500,19,5,24
Q450022,21,4,25
Q450159,7,5,12
Q450219,0,5,5
Q450279,0,5,5
Q450374,8,4,12
Q450429,33,1,34
Q4504495,0,44,44
Q4507,16,0,16
Q450720,0,8,8
Q4509,0,5,5
Q451071,14,4,18
Q451076,24,0,24
Q45108,0,10,10
Q451196,18,0,18
Q4512,6,1,7
Q451272,21,0,21
Q451394,0,5,5
Q451501,17,4,21
Q451558,30,0,30
Q451603,33,0,33
Q45177,0,36,36
Q451842,0,11,11
Q45188,10,7,17
Q451880,0,5,5
Q451938,0,5,5
Q451974,0,7,7
Q452019,0,6,6
Q452063,12,7,19
Q452283,0,5,5
Q452288,10,2,12
Q45229,27,7,34
Q45240,10,3,13
Q452411,18,0,18
Q452763,0,6,6
Q452788,10,5,15
Q452794,14,7,21
Q4529,70,1,71
Q452991,0,9,9
Q4532135,0,37,37
Q4532138,0,387,387
Q453406,28,0,28
Q453461,11,1,12
Q45354,10,6,16
Q453549,0,6,6
Q453581,0,7,7
Q453724,0,6,6
Q4538,26,8,34
Q453925,3,0,3
Q45393,0,12,12
Q45394,33,1,34
Q45400,2,2,4
Q45400320,0,116,116
Q454010,33,0,33
Q454081,0,13,13
Q454088,16,3,19
Q454156,29,7,36
Q454200,21,2,23
Q454205,18,0,18
Q454231,12,4,16
Q4542504,4,10,14
Q4542508,1,5,6
Q4543,5,2,7
Q454379,0,5,5
Q454398,34,1,35
Q454404,0,5,5
Q454494,0,7,7
Q4547,21,12,33
Q4547180,4,0,4
Q454819,21,0,21
Q4549554,3,1,4
Q4550107,4,1,5
Q4551057,4,1,5
Q455188,0,6,6
Q4552253,4,1,5
Q455279,0,5,5
Q45529,2,1,3
Q4553695,4,1,5
Q455394,0,7,7
Q455510,15,5,20
Q455545,12,1,13
Q455568,11,0,11
Q455723,13,0,13
Q455743,10,2,12
Q455749,0,8,8
Q4557675,4,1,5
Q45578,4,0,4
Q455780,16,1,17
Q455781,0,2,2
Q4558,13,0,13
Q455898,0,5,5
Q455939,10,0,10
Q455959,21,0,21
Q455971,4,0,4
Q455991,6,0,6
Q456,25,5,30
Q456017,30,0,30
Q456047,1,4,5
Q4562076,5,0,5
Q456291,0,5,5
Q456294,1,5,6
Q456329,0,6,6
Q45647,10,17,27
Q456614,0,7,7
Q456685,0,15,15
Q45670,15,5,20
Q456862,18,1,19
Q456966,1,4,5
Q4569677,5,1,6
Q45700,9,4,13
Q4570781,8,1,9
Q457163,6,0,6
Q457229,16,4,20
Q4572296,9,1,10
Q457250,16,2,18
Q457269,17,2,19
Q457281,0,6,6
Q4573,55,21,76
Q457334,6,0,6
Q457395,0,6,6
Q457460,3,0,3
Q457493,0,7,7
Q457497,29,1,30
Q45761,21,5,26
Q45765,36,1,37
Q45769590,0,5,5
Q45772,26,25,51
Q457727,18,0,18
Q457736,0,8,8
Q457864,21,0,21
Q457890,12,8,20
Q457893,9,40,49
Q457991,0,7,7
Q458,113,71,184
Q458252,10,5,15
Q458314,34,2,36
Q45839,49,1,50
Q458393,32,1,33
Q458441,0,6,6
Q458464,17,2,19
Q458629,35,0,35
Q458646,7,1,8
Q458656,40,1,41
Q458658,0,5,5
Q4586742,0,6,6
Q458679,0,6,6
Q45870,0,5,5
Q458766,19,7,26
Q458784,0,6,6
Q458815,0,6,6
Q458833,13,0,13
Q459,19,4,23
Q459007,16,11,27
Q4590468,3,0,3
Q459057,35,0,35
Q45909,76,1,77
Q459148,3,0,3
Q45923,0,6,6
Q4592603,3,0,3
Q459290,3,16,19
Q459349,0,8,8
Q45935,6,0,6
Q459384,11,15,26
Q459435,3,5,8
Q459464,5,0,5
Q459506,17,7,24
Q4595829,4,1,5
Q459600,4,0,4
Q459622,4,0,4
Q459638,0,7,7
Q459786,0,8,8
Q45981,3,103,106
Q459902,5,0,5
Q459925,23,6,29
Q46,18,258,276
Q4600249,3,0,3
Q46002746,0,18,18
Q460045,0,5,5
Q460090,18,2,20
Q460095,23,1,24
Q460144,0,9,9
Q4601563,3,0,3
Q460221,12,0,12
Q460277,14,26,40
Q4603026,3,0,3
Q460325,20,0,20
Q460361,13,0,13
Q460376,15,2,17
Q46040,30,0,30
Q4604536,3,0,3
Q460457,1,7,8
Q46046,5,7,12
Q460494,3,0,3
Q460523,0,15,15
Q460563,10,6,16
Q460572,0,8,8
Q460578,13,27,40
Q4606568,3,0,3
Q460664,32,0,32
Q460674,4,3,7
Q460688,13,8,21
Q460852,19,0,19
Q460876,22,5,27
Q4608826,3,0,3
Q460898,0,7,7
Q46096,44,0,44
Q460987,0,5,5
Q461003,27,2,29
Q4610556,2,246,248
Q4612,35,4,39
Q461300,0,5,5
Q461309,0,11,11
Q4614,24,95,119
Q461447,28,0,28
Q461529,9,33,42
Q461540,43,1,44
Q461595,4,3,7
Q4616,34,3,37
Q461637,0,6,6
Q4616669,2,0,2
Q461682,39,1,40
Q461691,0,5,5
Q4617,22,3,25
Q461761,5,3,8
Q461762,0,6,6
Q461768,28,0,28
Q461825,19,0,19
Q46185,2,108,110
Q462,8,7,15
Q462161,9,4,13
Q462177,8,7,15
Q462184,7,2,9
Q462314,0,5,5
Q462327,17,3,20
Q462354,0,5,5
Q462418,32,1,33
Q462471,2,7,9
Q46248,41,3,44
Q462799,10,17,27
Q4628,16,2,18
Q462903,0,7,7
Q462905,13,0,13
Q462955,0,8,8
Q463,0,7,7
Q4630358,1,5,6
Q463055,3,8,11
Q4630820,4,0,4
Q463085,0,76,76
Q463101,32,2,34
Q463119,0,7,7
Q463165,7,0,7
Q4631714,3,0,3
Q4632330,3,1,4
Q4632497,4,1,5
Q4632667,4,1,5
Q463281,6,66,72
Q4632843,4,0,4
Q463285,0,6,6
Q463303,0,186,186
Q463313,49,1,50
Q463397,18,9,27
Q463402,0,12,12
Q463407,13,5,18
Q4634661,3,1,4
Q4634895,4,1,5
Q463497,12,9,21
Q4635114,4,0,4
Q4636,66,17,83
Q463606,8,5,13
Q463615,34,0,34
Q463617,14,0,14
Q463673,27,5,32
Q463692,0,5,5
Q463734,1,4,5
Q463832,55,2,57
Q463883,21,0,21
Q4638918,0,5,5
Q46392,14,0,14
Q46395,0,14,14
Q463999,12,1,13
Q464014,35,1,36
Q464015,0,12,12
Q464032,24,0,24
Q464036,10,5,15
Q464042,29,0,29
Q464169,20,4,24
Q464213,19,1,20
Q46422,13,2,15
Q464232,18,0,18
Q464238,9,0,9
Q464241,23,1,24
Q464251,20,0,20
Q464252,38,0,38
Q464282,16,6,22
Q464320,14,18,32
Q464348,11,0,11
Q464367,0,2,2
Q464425,13,11,24
Q4645488,4,1,5
Q464578,13,2,15
Q464612,17,7,24
Q464653,34,0,34
Q4646693,4,1,5
Q464744,11,11,22
Q464746,0,10,10
Q464749,9,2,11
Q464775,4,0,4
Q464932,17,4,21
Q464951,59,1,60
Q464955,9,6,15
Q464964,44,0,44
Q4649792,0,19,19
Q4649794,6,10,16
Q4649795,0,8,8
Q4649797,0,24,24
Q4649799,0,22,22
Q4649800,14,20,34
Q4649801,0,25,25
Q4649807,0,21,21
Q4649808,0,19,19
Q4649817,0,21,21
Q4649818,0,8,8
Q4649821,0,23,23
Q4649826,0,20,20
Q464995,2,0,2
Q4651503,0,14,14
Q465200,0,5,5
Q465224,7,1,8
Q465227,41,2,43
Q46525,0,11,11
Q465275,42,1,43
Q4653,23,2,25
Q465316,0,3,3
Q4654163,0,5,5
Q465442,22,5,27
Q465449,17,83,100
Q465478,35,0,35
Q465501,4,20,24
Q46551,49,1,50
Q465517,0,6,6
Q465607,33,0,33
Q465613,0,8,8
Q465636,26,0,26
Q465646,30,0,30
Q465695,20,0,20
Q465754,14,4,18
Q465774,0,6,6
Q465826,22,2,24
Q465830,17,2,19
Q465859,17,3,20
Q465863,22,4,26
Q465914,11,5,16
Q465977,26,2,28
Q465978,8,14,22
Q466051,0,5,5
Q466063,16,1,17
Q466089,8,27,35
Q466127,20,1,21
Q466186,29,2,31
Q466190,7,0,7
Q466254,13,5,18
Q466297,39,0,39
Q466302,16,0,16
Q466320,22,9,31
Q466339,0,6,6
Q466358,24,1,25
Q466361,0,6,6
Q466423,31,0,31
Q466436,29,0,29
Q466459,13,29,42
Q466502,23,2,25
Q466514,29,0,29
Q466586,3,2,5
Q466593,18,0,18
Q466611,51,0,51
Q466649,6,5,11
Q466680,13,0,13
Q466781,59,0,59
Q46683,10,1,11
Q4669021,0,6,6
Q466959,26,0,26
Q466961,22,0,22
Q467025,3,0,3
Q467053,55,1,56
Q467076,46,2,48
Q4671277,0,5,5
Q4671286,0,28,28
Q4671338,14,53,67
Q46717,55,1,56
Q4672006,0,5,5
Q467223,11,0,11
Q4673430,9,0,9
Q467348,6,16,22
Q467362,13,6,19
Q467423,20,0,20
Q467496,0,7,7
Q467500,14,10,24
Q467502,0,8,8
Q467519,41,3,44
Q467561,13,1,14
Q467582,35,0,35
Q467635,5,8,13
Q467664,9,0,9
Q467693,16,0,16
Q467749,9,2,11
Q467752,14,6,20
Q467973,16,1,17
Q4679747,0,5,5
Q468028,11,3,14
Q468033,42,0,42
Q4682076,8,1,9
Q468241,0,8,8
Q46831,0,11,11
Q468339,20,2,22
Q468442,19,10,29
Q468478,1,5,6
Q468484,60,0,60
Q468557,0,7,7
Q468565,21,0,21
Q46862,17,5,22
Q46868,28,1,29
Q468700,29,0,29
Q468811,0,5,5
Q468865,0,13,13
Q468877,35,1,36
Q468915,0,7,7
Q4689777,0,6,6
Q46913,14,4,18
Q46934,1,20,21
Q46938,1,23,24
Q46943,1,16,17
Q469482,9,0,9
Q46952,0,23,23
Q469576,0,5,5
Q469624,53,1,54
Q46970,0,9,9
Q469795,0,9,9
Q469945,18,4,22
Q469999,3,0,3
Q4700,29,2,31
Q470005,0,6,6
Q470040,25,0,25
Q47004555,0,6,6
Q470073,37,0,37
Q47009776,0,5,5
Q470104,14,4,18
Q47018901,0,10,10
Q470190,20,1,21
Q470251,0,5,5
Q470260,17,4,21
Q470273,5,3,8
Q470282,22,3,25
Q47034,10,1,11
Q47050,14,1,15
Q470560,36,0,36
Q470572,40,0,40
Q47059,23,6,29
Q470591,0,6,6
Q47064,0,23,23
Q470665,35,0,35
Q47071,3,2,5
Q4707232,0,8,8
Q470759,19,1,20
Q470771,36,1,37
Q470779,19,2,21
Q470818,18,2,20
Q47087,31,9,40
Q470891,32,0,32
Q47097,0,6,6
Q47099,9,1,10
Q47100,36,34,70
Q471003,15,9,24
Q471018,14,8,22
Q4710826,0,12,12
Q471103,11,0,11
Q471128,0,5,5
Q471157,0,6,6
Q471159,57,0,57
Q471215,0,11,11
Q47122,33,2,35
Q4713342,0,5,5
Q471423,21,0,21
Q47152,34,2,36
Q471619,15,0,15
Q47164,11,142,153
Q471690,0,9,9
Q47170,6,3,9
Q4717090,12,1,13
Q471716,52,0,52
Q471746,36,0,36
Q471839,1,219,220
Q471842,40,0,40
Q47185145,0,56,56
Q47185282,0,47,47
Q471879,11,1,12
Q471921,0,7,7
Q47193,7,1,8
Q472,21,5,26
Q472051,36,1,37
Q472058,0,5,5
Q4721515,7,0,7
Q47216,40,4,44
Q47221,37,1,38
Q4722629,13,12,25
Q472282,9,2,11
Q472316,17,1,18
Q472361,55,0,55
Q4724516,7,0,7
Q472504,10,13,23
Q472520,13,5,18
Q472595,9,3,12
Q472600,32,0,32
Q47265,13,9,22
Q472675,12,3,15
Q4726932,0,5,5
Q472752,3,0,3
Q47284,27,31,58
Q47296,27,0,27
Q473209,4,0,4
Q473248,1,9,10
Q473466,8,3,11
Q473475,0,5,5
Q473599,4,0,4
Q47369,16,6,22
Q47398,5,1,6
Q474027,3,4,7
Q474033,47,0,47
Q474082,30,0,30
Q4740856,0,10,10
Q474093,53,0,53
Q474200,0,12,12
Q47426,28,1,29
Q4742667,1,5,6
Q4742987,0,8,8
Q47430,7,3,10
Q4743101,0,63,63
Q4743376,0,6,6
Q4744483,0,3,3
Q4744490,0,5,5
Q4744495,0,7,7
Q4745055,0,12,12
Q4745239,0,18,18
Q474605,7,1,8
Q474655,0,5,5
Q4748791,0,5,5
Q47488,0,6,6
Q47494293,0,6,6
Q47495791,5,0,5
Q4749872,18,0,18
Q475221,5,1,6
Q475293,35,0,35
Q47541952,0,180,180
Q47543,0,54,54
Q47544021,0,119,119
Q47544035,0,14,14
Q4754809,10,0,10
Q475559,13,0,13
Q475618,11,0,11
Q4756190,0,5,5
Q475646,0,11,11
Q47566,3,2,5
Q475689,3,4,7
Q475730,16,0,16
Q4757720,0,7,7
Q4758447,0,5,5
Q476028,0,596,596
Q476115,1,0,1
Q4761430,0,7,7
Q47629,1,0,1
Q4764168,0,9,9
Q4765080,0,7,7
Q4765305,0,5,5
Q47664,53,16,69
Q47670,20,11,31
Q476726,60,0,60
Q4767967,0,7,7
Q476921,3,29,32
Q4769235,0,4,4
Q476983,3,2,5
Q47703,60,4,64
Q477070,26,0,26
Q47716,18,7,25
Q47722,5,0,5
Q47735,0,39,39
Q4773904,1,6,7
Q477452,3,0,3
Q4775012,6,5,11
Q4775035,0,5,5
Q47762,21,5,26
Q47770,3,5,8
Q47774,26,5,31
Q477865,35,0,35
Q477965,28,0,28
Q477993,9,0,9
Q47822,7,1,8
Q478302,5,1,6
Q4783148,0,17,17
Q478317,4,0,4
Q478360,21,2,23
Q478371,43,2,45
Q478626,37,0,37
Q47871,28,11,39
Q478748,35,1,36
Q47875,31,1,32
Q478750,3,0,3
Q478780,39,0,39
Q478850,0,5,5
Q47887,10,1,11
Q47894,10,3,13
Q47896,5,3,8
Q47899,27,6,33
Q47912,15,57,72
Q47916,18,2,20
Q479351,5,0,5
Q47944,9,2,11
Q47952,8,3,11
Q47965,4,3,7
Q47967,0,7,7
Q47974,16,4,20
Q47983,0,5,5
Q47994,0,7,7
Q48,25,148,173
Q48006,0,6,6
Q4801470,0,6,6
Q48015,0,12,12
Q48026,0,8,8
Q480319,0,5,5
Q48038,0,7,7
Q48063,0,6,6
Q48066,0,5,5
Q4809486,2,10,12
Q4809602,0,220,220
Q4809686,0,8,8
Q4809856,0,5,5
Q4810015,0,160,160
Q4810036,0,93,93
Q48143,13,3,16
Q4817144,0,5,5
Q481832,23,17,40
Q48187,34,6,40
Q48195,12,0,12
Q482,11,57,68
Q4820684,0,6,6
Q48226,42,4,46
Q48227,0,12,12
Q482406,4,1,5
Q4824149,0,8,8
Q4824156,0,7,7
Q4824167,0,4,4
Q482436,30,0,30
Q4824396,0,5,5
Q4824459,0,11,11
Q482449,3,1,4
Q48249,3,6,9
Q482540,3,1,4
Q48256,19,1,20
Q482562,5,2,7
Q48259,22,3,25
Q482607,4,1,5
Q482617,3,0,3
Q482652,18,1,19
Q482657,6,3,9
Q482662,38,0,38
Q48270,0,7,7
Q48274,10,3,13
Q48280,21,3,24
Q482907,98,2,100
Q482964,18,0,18
Q482980,6,62,68
Q482993,0,7,7
Q48301,34,9,43
Q483020,7,5,12
Q4830453,6,162,168
Q483118,44,31,75
Q483148,22,14,36
Q483152,3,0,3
Q48320,20,1,21
Q483203,49,6,55
Q48324,0,5,5
Q483251,5,6,11
Q4832599,0,5,5
Q483325,53,2,55
Q48335,9,0,9
Q483352,7,14,21
Q48337,44,26,70
Q483379,30,5,35
Q483394,0,11,11
Q48340,14,1,15
Q483407,24,6,30
Q4834543,0,24,24
Q48349,0,15,15
Q4834975,0,6,6
Q483501,5,30,35
Q483507,27,1,28
Q48352,0,6,6
Q4835465,0,11,11
Q4835466,0,14,14
Q4835470,0,3,3
Q4835473,0,5,5
Q4835475,0,6,6
Q4835491,0,5,5
Q4835650,13,4,17
Q4835652,0,6,6
Q4835654,0,14,14
Q4835655,0,12,12
Q4835657,0,3,3
Q483654,9,8,17
Q48370,15,3,18
Q483718,27,6,33
Q483745,126,1,127
Q483752,127,1,128
Q483771,20,16,36
Q483802,27,0,27
Q483815,32,2,34
Q483856,7,0,7
Q483907,41,22,63
Q483938,6,1,7
Q483942,5,8,13
Q483958,5,3,8
Q483978,2,2,4
Q483994,1,2,3
Q48403,9,3,12
Q48410,27,11,38
Q484142,4,1,5
Q484151,4,0,4
Q484159,4,5,9
Q484170,0,23,23
Q484179,11,1,12
Q484188,1,31,32
Q484239,3,1,4
Q484247,6,2,8
Q484263,9,7,16
Q484294,7,5,12
Q484302,21,1,22
Q48432,1,11,12
Q484335,0,5,5
Q484340,6,3,9
Q484344,3,9,12
Q484346,7,2,9
Q484365,28,7,35
Q484385,0,5,5
Q484388,8,2,10
Q484391,0,5,5
Q484395,6,2,8
Q484398,0,5,5
Q484401,3,2,5
Q484404,3,6,9
Q484408,7,4,11
Q484418,3,3,6
Q484420,7,3,10
Q484427,13,4,17
Q484442,58,2,60
Q484464,10,1,11
Q484523,50,10,60
Q484536,3,0,3
Q484538,12,3,15
Q484548,8,2,10
Q484556,12,2,14
Q484583,2,1,3
Q484591,5,3,8
Q484615,27,10,37
Q484641,5,126,131
Q484652,0,6,6
Q484678,13,24,37
Q484761,1,4,5
Q484779,21,13,34
Q484876,4,9,13
Q484881,28,2,30
Q484940,117,1,118
Q484948,0,6,6
Q484963,0,4,4
Q484980,0,13,13
Q484993,5,0,5
Q485038,5,2,7
Q485087,0,10,10
Q4851628,4,0,4
Q485172,20,9,29
Q485176,7,21,28
Q485186,6,4,10
Q485188,6,0,6
Q485207,0,7,7
Q48525,0,14,14
Q485276,5,2,7
Q485277,103,1,104
Q485298,45,7,52
Q4852987,9,6,15
Q485310,37,7,44
Q4853480,5,0,5
Q4853732,1,74,75
Q485395,5,9,14
Q485408,7,2,9
Q485474,4,2,6
Q485502,11,2,13
Q485536,6,5,11
Q485544,1,0,1
Q485557,13,6,19
Q485561,7,4,11
Q485571,3,2,5
Q485600,7,3,10
Q485610,37,1,38
Q485625,12,0,12
Q485668,79,0,79
Q485673,5,1,6
Q485708,15,4,19
Q485716,7,23,30
Q485741,4,3,7
Q485746,5,2,7
Q485803,51,1,52
Q485808,4,2,6
Q485811,0,5,5
Q485893,9,3,12
Q485901,12,10,22
Q485983,33,2,35
Q486063,39,0,39
Q486103,12,6,18
Q486112,8,5,13
Q486156,9,0,9
Q486168,9,7,16
Q48619,9,0,9
Q486229,7,4,11
Q486239,24,0,24
Q486263,3,5,8
Q486306,5,1,6
Q486309,5,1,6
Q486365,4,0,4
Q4863958,0,5,5
Q486398,6,4,10
Q486415,3,2,5
Q486439,8,4,12
Q486448,5,5,10
Q486459,14,0,14
Q486472,11,2,13
Q486479,9,1,10
Q486487,0,4,4
Q486507,6,4,10
Q486588,24,3,27
Q486609,27,2,29
Q486633,5,5,10
Q486740,20,7,27
Q486748,6,218,224
Q486822,33,1,34
Q486826,28,1,29
Q486839,5,1,6
Q486860,8,5,13
Q486868,7,8,15
Q486877,10,3,13
Q486883,12,5,17
Q486972,0,37,37
Q48699181,0,5,5
Q487069,15,1,16
Q487070,16,0,16
Q487090,0,10,10
Q487094,15,8,23
Q487119,6,5,11
Q487136,4,102,106
Q487181,29,4,33
Q487201,3,0,3
Q487315,6,4,10
Q487321,3,0,3
Q48734,32,1,33
Q4873579,0,8,8
Q487403,4,5,9
Q487447,19,1,20
Q487479,5,0,5
Q487548,0,6,6
Q487556,18,6,24
Q487564,6,4,10
Q487572,6,4,10
Q48757486,0,15,15
Q487578,7,3,10
Q487581,9,4,13
Q487596,0,9,9
Q487599,0,5,5
Q487605,8,3,11
Q487610,0,6,6
Q487616,0,5,5
Q48765,21,3,24
Q487704,8,4,12
Q48777,41,0,41
Q48781665,0,27,27
Q48789578,0,23,23
Q487907,18,2,20
Q487914,6,17,23
Q487965,3,5,8
Q487977,11,3,14
Q487978,56,0,56
Q487988,9,0,9
Q487999,9,10,19
Q488004,5,18,23
Q488041,35,0,35
Q488111,2,2,4
Q488125,8,6,14
Q488134,0,5,5
Q488205,6,394,400
Q488222,16,0,16
Q488260,15,1,16
Q488296,0,22,22
Q4883239,0,8,8
Q488335,10,3,13
Q4883437,0,5,5
Q488345,23,0,23
Q488376,29,0,29
Q48843,3,0,3
Q488454,3,3,6
Q488488,0,5,5
Q48851,5,1,6
Q488517,9,3,12
Q488523,9,1,10
Q488528,4,2,6
Q488531,8,3,11
Q488543,11,3,14
Q4885518,0,5,5
Q48862,4,3,7
Q488645,3,108,111
Q488651,4,281,285
Q488653,5,3,8
Q488655,41,0,41
Q488659,17,7,24
Q488668,12,8,20
Q488672,5,5,10
Q488683,4,4,8
Q488690,8,3,11
Q488698,0,6,6
Q488701,13,4,17
Q488702,9,3,12
Q488723,0,6,6
Q48879,4,7,11
Q488821,5,1,6
Q488826,5,3,8
Q488874,5,5,10
Q48890,2,3,5
Q488912,3,3,6
Q488924,6,2,8
Q488925,9,11,20
Q488946,7,1,8
Q488947,10,0,10
Q489,16,7,23
Q48911,4,0,4
Q489174,0,6,6
Q489197,5,3,8
Q4892030,0,8,8
Q48925,4,4,8
Q489255,7,0,7
Q48929,4,0,4
Q48932,4,0,4
Q48935,4,1,5
Q48938,4,1,5
Q48939,5,0,5
Q48941,3,0,3
Q48943,3,7,10
Q48944,3,0,3
Q48945,4,0,4
Q48946,4,3,7
Q48947,4,3,7
Q48948,4,3,7
Q48949,4,2,6
Q48950,4,5,9
Q48951,4,2,6
Q48953,4,3,7
Q48954,4,2,6
Q489559,15,8,23
Q489576,7,1,8
Q48958,7,8,15
Q48961500,0,38,38
Q48965436,0,9,9
Q4896598,0,7,7
Q4896605,0,6,6
Q4896642,0,4,4
Q4896696,0,4,4
Q4896724,0,8,8
Q4896731,0,2,2
Q4896782,0,5,5
Q48968006,0,3,3
Q4896813,0,10,10
Q489705,0,4,4
Q489709,7,0,7
Q489713,0,8,8
Q48975,15,3,18
Q489801,8,4,12
Q48983,47,1,48
Q489831,29,25,54
Q489856,0,5,5
Q48987,24,14,38
Q489873,2,2,4
Q48995,9,1,10
Q489951,14,9,23
Q49,44,138,182
Q490,36,21,57
Q49001,63,14,77
Q49003,34,3,37
Q49004,23,4,27
Q490065,5,1,6
Q490077,8,3,11
Q49012,8,7,15
Q49014,11,3,14
Q490150,4,1,5
Q49017,40,6,46
Q4901729,0,5,5
Q490190,3,1,4
Q49020,14,12,26
Q49023,0,5,5
Q49024,2,2,4
Q490240,10,5,15
Q490347,0,7,7
Q490385,6,6,12
Q490434,8,5,13
Q490441,9,2,11
Q490505,12,8,20
Q490584,10,6,16
Q490587,3,2,5
Q490595,3,0,3
Q490720,4,2,6
Q490732,5,3,8
Q490737,4,1,5
Q49074,43,4,47
Q490744,14,3,17
Q49077,2,10,12
Q49078,10,4,14
Q49081,32,1,33
Q49084,0,14,14
Q49085,10,143,153
Q49087,8,0,8
Q49088,31,102,133
Q4908985,0,6,6
Q490908,7,3,10
Q490914,13,2,15
Q4909185,0,5,5
Q490920,10,4,14
Q49093087,0,6,6
Q490994,4,2,6
Q491,0,15,15
Q49100,3,8,11
Q49103,3,5,8
Q491046,4,3,7
Q49106,1,4,5
Q49108,32,11,43
Q49109,7,16,23
Q491099,6,1,7
Q49110,26,17,43
Q49111,19,32,51
Q491114,6,1,7
Q49112,34,50,84
Q491128,5,2,7
Q49113,0,8,8
Q49114,25,15,40
Q491148,4,2,6
Q49115,29,30,59
Q491158,2,0,2
Q49116,29,11,40
Q49117,33,22,55
Q49118,21,5,26
Q49119,18,9,27
Q49120,19,12,31
Q491201,7,3,10
Q49121,8,2,10
Q49122,8,5,13
Q49123,5,24,29
Q491239,7,4,11
Q49124,5,7,12
Q491252,29,0,29
Q49126,9,5,14
Q491264,23,7,30
Q49127,9,2,11
Q49129,3,1,4
Q491350,5,3,8
Q4914,23,3,26
Q49140,3,1,4
Q49142,11,8,19
Q49143,6,5,11
Q49145,14,21,35
Q49146,11,3,14
Q491461,7,0,7
Q49147,8,0,8
Q49149,5,0,5
Q4915,11,1,12
Q491540,4,4,8
Q49156,8,0,8
Q49158,14,11,25
Q4916,32,27,59
Q49162,14,6,20
Q49163,14,1,15
Q49164,8,2,10
Q49165,13,9,22
Q49166,11,9,20
Q49167,9,17,26
Q49169,12,11,23
Q4917,3,21,24
Q49172,4,0,4
Q49174,16,11,27
Q491775,14,7,21
Q49178,9,3,12
Q49179,14,9,23
Q4918,32,6,38
Q491800,33,0,33
Q49184,11,4,15
Q49186,7,4,11
Q49188,8,2,10
Q49190,10,2,12
Q49191,12,1,13
Q49192,10,3,13
Q49193,6,1,7
Q49195,7,2,9
Q491954,0,5,5
Q49196,13,12,25
Q49197,6,1,7
Q49198,9,3,12
Q49199,7,2,9
Q49200,5,2,7
Q49201,14,7,21
Q49202,9,8,17
Q49204,18,2,20
Q49205,12,5,17
Q49206,16,3,19
Q49207,11,2,13
Q49208,9,6,15
Q49209,10,2,12
Q49210,23,87,110
Q49211,12,1,13
Q49212,24,5,29
Q49213,29,26,55
Q4921551,0,5,5
Q4921557,0,5,5
Q492176,0,5,5
Q49218,14,13,27
Q49219,8,7,15
Q49220,6,0,6
Q49221,7,4,11
Q492214,42,0,42
Q49222,8,4,12
Q492238,0,6,6
Q49225,8,5,13
Q492264,1,88,89
Q49227,8,9,17
Q49229,8,5,13
Q49231,11,6,17
Q492318,20,1,21
Q492321,16,4,20
Q492327,14,6,20
Q49233,5,7,12
Q492342,9,2,11
Q492346,7,4,11
Q492355,7,1,8
Q4923560,3,0,3
Q49236,8,3,11
Q49238,11,4,15
Q49239,7,9,16
Q49240,9,6,15
Q49241,12,7,19
Q49242,7,2,9
Q49243,10,11,21
Q49244,10,8,18
Q492467,12,1,13
Q49247,9,5,14
Q492478,7,2,9
Q4925096,0,5,5
Q49255,9,9,18
Q49256,8,5,13
Q492560,0,3,3
Q49258,10,7,17
Q49259,9,4,13
Q49261,5,1,6
Q49266,7,9,16
Q49267,4,5,9
Q49268,18,5,23
Q492705,0,8,8
Q49272,5,1,6
Q49273,4,2,6
Q49274,7,1,8
Q492789,14,9,23
Q493222,3,1,4
Q493236,0,5,5
Q493255,2,3,5
Q493261,6,1,7
Q4932675,4,0,4
Q493340,12,1,13
Q493378,4,12,16
Q493443,5,2,7
Q493605,6,1,7
Q4936532,0,5,5
Q4936657,0,8,8
Q4936971,0,7,7
Q493715,6,2,8
Q493755,32,0,32
Q49376,2,0,2
Q493787,17,1,18
Q493794,9,0,9
Q493840,12,2,14
Q494048,60,0,60
Q494085,38,0,38
Q494093,8,1,9
Q494104,5,4,9
Q494117,11,3,14
Q494121,5,4,9
Q494134,5,3,8
Q494152,7,3,10
Q494167,0,6,6
Q494174,0,5,5
Q494186,5,2,7
Q494192,8,6,14
Q494207,5,5,10
Q494228,0,7,7
Q494230,1,4,5
Q494233,0,5,5
Q494244,56,0,56
Q494248,5,4,9
Q494295,4,1,5
Q49451,4,72,76
Q494541,5,5,10
Q494556,8,3,11
Q494560,4,2,6
Q494588,0,7,7
Q494614,7,0,7
Q494616,7,3,10
Q494624,10,4,14
Q494721,0,9,9
Q494722,36,2,38
Q494723,7,5,12
Q4948,13,12,25
Q49481,33,0,33
Q4948174,0,11,11
Q494835,0,7,7
Q494912,4,1,5
Q494917,12,0,12
Q49498,39,1,40
Q494985,27,0,27
Q495,22,14,36
Q495027,4,0,4
Q4951156,5,0,5
Q4951628,0,5,5
Q4952707,0,5,5
Q495299,0,5,5
Q495310,5,8,13
Q495315,0,5,5
Q495321,12,4,16
Q495332,3,1,4
Q495359,7,3,10
Q495361,6,2,8
Q495373,8,2,10
Q495377,9,4,13
Q495393,0,6,6
Q495409,5,6,11
Q49542,14,5,19
Q495487,0,5,5
Q49552,11,1,12
Q49554,9,0,9
Q495549,12,4,16
Q495588,9,4,13
Q495633,6,3,9
Q495645,11,2,13
Q495649,0,6,6
Q495658,10,4,14
Q49566,9,0,9
Q495682,5,2,7
Q49569,8,0,8
Q49573,8,1,9
Q495738,6,3,9
Q495813,16,3,19
Q495929,3,3,6
Q495974,9,7,16
Q495998,6,7,13
Q4960,31,11,42
Q496065,15,0,15
Q4961590,0,6,6
Q496207,11,2,13
Q496255,25,1,26
Q496381,7,0,7
Q4963861,0,6,6
Q4964182,1,88,89
Q496511,7,4,11
Q496523,3,34,37
Q4965286,2,3,5
Q496548,0,7,7
Q496607,2,1,3
Q496654,47,0,47
Q496734,24,0,24
Q496862,11,4,15
Q496886,8,8,16
Q496900,0,8,8
Q4969375,0,2,2
Q4969438,0,11,11
Q4969441,0,15,15
Q496967,0,36,36
Q4970,17,2,19
Q497036,7,14,21
Q497075,0,8,8
Q497155,11,60,71
Q497172,9,2,11
Q497200,7,2,9
Q497216,6,2,8
Q497256,39,0,39
Q497262,28,0,28
Q497311,34,0,34
Q497334,3,0,3
Q49757,4,179,183
Q497695,9,5,14
Q497702,7,4,11
Q4977147,9,1,10
Q49773,0,7,7
Q497788,9,4,13
Q497793,10,0,10
Q497795,4,3,7
Q497810,9,3,12
Q497845,5,3,8
Q497851,12,6,18
Q497928,9,5,14
Q497989,3,1,4
Q498024,10,7,17
Q498034,5,2,7
Q498109,34,0,34
Q498155,3,1,4
Q498162,0,13,13
Q498163,10,6,16
Q4982515,0,5,5
Q498263,0,6,6
Q498276,3,2,5
Q49832,0,11,11
Q4983368,0,10,10
Q49836,0,6,6
Q498375,30,1,31
Q498389,0,10,10
Q498420,9,11,20
Q498473,5,1,6
Q49849,0,5,5
Q498496,0,19,19
Q4984974,0,31,31
Q4985,29,4,33
Q498526,15,3,18
Q498820,9,4,13
Q498822,28,1,29
Q498825,4,1,5
Q498867,43,0,43
Q49890,0,14,14
Q498906,33,1,34
Q498910,53,0,53
Q49892,3,23,26
Q498940,0,5,5
Q499097,11,4,15
Q4991371,7,7,14
Q499169,10,0,10
Q499189,5,4,9
Q499196,7,3,10
Q499203,7,4,11
Q4992236,14,1,15
Q4992254,4,19,23
Q4993338,0,6,6
Q499451,21,13,34
Q4994728,5,8,13
Q499510,15,1,16
Q499544,0,5,5
Q499633,30,0,30
Q499644,14,12,26
Q499656,43,1,44
Q499789,3,19,22
Q499887,11,1,12
Q499911,11,1,12
Q499927,2,1,3
Q5,0,4322,4322
Q50001,8,9,17
Q50008,1,9,10
Q500088,16,19,35
Q500093,28,1,29
Q500155,10,3,13
Q50020,33,1,34
Q500312,1,1,2
Q50033,14,0,14
Q50040,10,4,14
Q500460,37,0,37
Q500569,7,2,9
Q500606,16,2,18
Q50074604,0,17,17
Q500776,5,2,7
Q500871,7,2,9
Q5009242,0,15,15
Q5009281,1,12,13
Q5009284,0,5,5
Q500933,3,2,5
Q500992,5,3,8
Q501,31,2,33
Q501014,9,3,12
Q501029,7,5,12
Q501043,10,3,13
Q501058,0,16,16
Q501067,0,6,6
Q501070,7,3,10
Q501170,12,2,14
Q501256,0,5,5
Q501273,35,13,48
Q501277,0,5,5
Q501284,6,4,10
Q501292,8,4,12
Q501319,9,2,11
Q501323,1,5,6
Q50133002,0,6,6
Q501338,0,7,7
Q501340,0,5,5
Q501345,10,5,15
Q501350,8,2,10
Q5014111,5,1,6
Q501473,1,0,1
Q501476,10,15,25
Q501559,0,5,5
Q501602,5,2,7
Q501663,7,1,8
Q501693,3,0,3
Q501703,41,0,41
Q501750,0,7,7
Q501758,26,8,34
Q501761,10,4,14
Q501766,8,1,9
Q501785,5,8,13
Q501796,8,2,10
Q501800,5,2,7
Q5018694,16,3,19
Q501995,34,0,34
Q501996,26,5,31
Q5020532,0,39,39
Q502067,47,0,47
Q502091,24,1,25
Q5020915,0,19,19
Q502128,11,6,17
Q502189,36,0,36
Q502200,6,2,8
Q502213,6,3,9
Q502250,6,4,10
Q502257,8,3,11
Q502273,5,3,8
Q502294,7,3,10
Q502314,13,7,20
Q502411,4,2,6
Q502414,5,7,12
Q502424,8,5,13
Q502451,9,2,11
Q502459,8,11,19
Q502463,10,2,12
Q502468,6,5,11
Q5025512,0,5,5
Q502564,5,5,10
Q502592,6,2,8
Q502732,0,6,6
Q502886,3,0,3
Q502908,29,0,29
Q502923,30,1,31
Q502940,12,3,15
Q502957,17,3,20
Q5029983,0,26,26
Q503013,12,4,16
Q503023,2,0,2
Q503027,21,8,29
Q503034,42,13,55
Q503095,0,6,6
Q5031131,0,5,5
Q503119,26,1,27
Q503246,7,66,73
Q503264,26,0,26
Q503308,9,0,9
Q503313,36,1,37
Q503321,4,0,4
Q503331,0,6,6
Q50333447,0,7,7
Q503336,3,1,4
Q50337,0,17,17
Q503415,26,5,31
Q503419,28,12,40
Q503424,14,9,23
Q503473,16,1,17
Q503545,0,5,5
Q503638,28,2,30
Q503706,0,5,5
Q503710,16,0,16
Q503720,0,5,5
Q503767,0,6,6
Q503889,0,6,6
Q5039374,0,17,17
Q503966,0,5,5
Q503997,30,8,38
Q504053,61,1,62
Q504078,15,1,16
Q504114,11,4,15
Q504157,32,0,32
Q50423863,0,23,23
Q504298,2,35,37
Q5043,13,126,139
Q504309,4,1,5
Q504329,4,1,5
Q504339,3,1,4
Q504360,6,2,8
Q504430,0,5,5
Q5045044,0,7,7
Q504530,7,2,9
Q504635,2,3,5
Q504697,37,0,37
Q504720,16,10,26
Q504722,0,5,5
Q504775,3,10,13
Q504805,18,4,22
Q5049183,0,6,6
Q504962,8,1,9
Q505114,12,0,12
Q505119,3,0,3
Q505141,20,2,22
Q505275,0,7,7
Q505353,10,0,10
Q505449,40,9,49
Q505498,11,0,11
Q505549,7,5,12
Q505790,36,1,37
Q505898,25,0,25
Q505940,0,12,12
Q5059480,2,0,2
Q5059850,0,180,180
Q506014,12,2,14
Q506015,8,1,9
Q50602,6,3,9
Q506124,0,5,5
Q5061915,0,10,10
Q50621171,0,5,5
Q506215,8,2,10
Q506230,5,2,7
Q506240,3,25,28
Q506302,12,0,12
Q5063029,0,5,5
Q506325,4,2,6
Q506351,3,3,6
Q506369,0,6,6
Q506398,7,4,11
Q506446,4,10,14
Q506451,4,3,7
Q50649564,0,9,9
Q506554,28,0,28
Q506565,0,5,5
Q506616,0,5,5
Q50662,18,2,20
Q506661,29,0,29
Q506670,12,2,14
Q506680,0,6,6
Q506752,5,5,10
Q506778,0,7,7
Q50686,0,8,8
Q506885,27,8,35
Q506888,10,0,10
Q507122,11,0,11
Q507189,13,4,17
Q507256,6,2,8
Q507269,11,2,13
Q507306,0,10,10
Q507327,15,3,18
Q507443,1,7,8
Q507488,7,2,9
Q507490,20,1,21
Q507640,12,2,14
Q50776,1,2,3
Q507770,7,3,10
Q507863,7,0,7
Q508043,0,7,7
Q50816,7,2,9
Q508280,11,5,16
Q50829151,0,5,5
Q5083,16,51,67
Q508359,1,5,6
Q50837010,0,7,7
Q508404,0,10,10
Q508406,5,0,5
Q508412,18,1,19
Q50841635,0,5,5
Q508428,0,13,13
Q508554,3,1,4
Q50861,46,0,46
Q5086379,0,10,10
Q508660,9,24,33
Q5087816,0,5,5
Q508841,28,1,29
Q508871,0,11,11
Q5089830,0,8,8
Q509013,0,6,6
Q509025,32,0,32
Q509026,0,5,5
Q509050,10,0,10
Q509117,0,6,6
Q5092,28,61,89
Q509219,0,6,6
Q509256,28,0,28
Q509671,9,4,13
Q5097046,2,0,2
Q509913,22,0,22
Q509926,0,5,5
Q509948,0,11,11
Q51,20,8,28
Q510175,9,12,21
Q510244,5,2,7
Q5103452,0,11,11
Q510487,1,14,15
Q5105,55,2,57
Q5105452,0,7,7
Q51057,13,0,13
Q5107,1,7,8
Q510769,0,8,8
Q5108046,9,1,10
Q511025,0,13,13
Q511074,41,0,41
Q51114,35,9,44
Q511164,11,3,14
Q5112,18,7,25
Q51123,17,1,18
Q5112818,0,5,5
Q5113,11,0,11
Q51133,21,3,24
Q511347,30,0,30
Q511554,15,7,22
Q511647,0,6,6
Q511731,8,27,35
Q511849,4,1,5
Q511876,0,5,5
Q5119,0,14,14
Q511922,5,2,7
Q511964,4,2,6
Q5121453,0,12,12
Q512187,0,30,30
Q512191,1,8,9
Q512314,0,10,10
Q512376,0,7,7
Q512475,43,0,43
Q5127380,0,5,5
Q512751,0,5,5
Q512818,0,5,5
Q512858,9,23,32
Q51290,5,54,59
Q512925,4,2,6
Q512951,6,5,11
Q512986,8,5,13
Q513,0,8,8
Q5132172,7,0,7
Q5133190,0,5,5
Q5134470,9,0,9
Q513658,8,1,9
Q5137,9,8,17
Q513712,7,5,12
Q5137571,4,6,10
Q5137944,0,150,150
Q513809,13,0,13
Q513840,3,1,4
Q513849,0,16,16
Q513939,0,5,5
Q513994,5,1,6
Q51416,55,1,56
Q514170,12,0,12
Q5142559,4,2,6
Q514311,0,10,10
Q514416,24,0,24
Q514445,0,30,30
Q514527,17,15,32
Q5146,14,45,59
Q5146978,0,7,7
Q514728,0,6,6
Q51488,29,4,33
Q51489,28,22,50
Q51490,24,13,37
Q51491,19,4,23
Q514913,15,13,28
Q51492,37,10,47
Q51495,38,9,47
Q5149662,7,2,9
Q5149722,0,7,7
Q514985,13,0,13
Q5149883,1,5,6
Q5149901,0,5,5
Q5149905,0,7,7
Q5149928,1,0,1
Q515,0,318,318
Q51506,51,15,66
Q5150848,0,5,5
Q515095,20,10,30
Q51511,27,1,28
Q5151404,0,6,6
Q5151421,0,5,5
Q515161,0,8,8
Q51519,18,6,24
Q51522,30,20,50
Q51525,0,8,8
Q515274,22,6,28
Q5153090,0,9,9
Q51535,22,4,26
Q5153503,0,9,9
Q51537,37,16,53
Q51547,44,19,63
Q51552,40,21,61
Q51559,34,11,45
Q51562,23,6,29
Q515621,51,0,51
Q515632,46,7,53
Q51564,19,14,33
Q51566,38,19,57
Q51570,0,6,6
Q5157337,0,6,6
Q51575,36,22,58
Q51576574,0,25,25
Q51577,21,7,28
Q51581,21,6,27
Q51582,35,4,39
Q51583,28,10,38
Q515837,0,7,7
Q515869,10,49,59
Q515883,24,0,24
Q515931,33,0,33
Q516390,18,0,18
Q516479,5,1,6
Q51649,1,3,4
Q51654,4,11,15
Q51655,2,0,2
Q516630,0,6,6
Q516645,0,5,5
Q51668,28,0,28
Q516690,0,11,11
Q51682,5,2,7
Q51685,5,5,10
Q51689,7,2,9
Q51690,4,0,4
Q51691,6,0,6
Q51693,10,4,14
Q516947,6,0,6
Q517,54,7,61
Q517137,16,11,27
Q517265,30,0,30
Q517337,8,1,9
Q51737,20,0,20
Q517379,0,6,6
Q517386,1,6,7
Q517415,3,1,4
Q5175208,0,6,6
Q517831,8,1,9
Q518101,0,7,7
Q518127,39,0,39
Q51814,0,12,12
Q518589,30,0,30
Q518675,188,96,284
Q5186883,0,14,14
Q518868,0,15,15
Q5188850,0,13,13
Q519273,20,0,20
Q51929311,0,62,62
Q519427,16,3,19
Q519473,9,0,9
Q519490,27,0,27
Q51955019,0,118,118
Q519592,33,0,33
Q51963292,0,6,6
Q51974,7,0,7
Q51976,5,0,5
Q519821,15,0,15
Q51985,20,1,21
Q5202812,0,5,5
Q520346,19,1,20
Q520445,0,9,9
Q520549,4,3,7
Q520611,1,0,1
Q52062,0,5,5
Q520651,0,10,10
Q5211222,0,4,4
Q5211225,0,20,20
Q5211226,0,20,20
Q521221,22,5,27
Q521227,0,6,6
Q521387,32,1,33
Q521400,13,0,13
Q52144567,0,8,8
Q52151351,1,6,7
Q52162262,0,110,110
Q521718,9,1,10
Q5217295,0,5,5
Q5217764,0,7,7
Q5218823,0,5,5
Q522057,0,13,13
Q52207310,0,75,75
Q52207399,0,353,353
Q5220838,7,0,7
Q522389,24,1,25
Q522618,7,4,11
Q522856,0,5,5
Q523,11,2,13
Q5230469,10,0,10
Q5231565,12,0,12
Q523184,7,0,7
Q523210,0,8,8
Q523240,12,3,15
Q5235388,10,0,10
Q52382875,0,75,75
Q52392,23,10,33
Q523926,3,68,71
Q523957,4,3,7
Q5240,0,7,7
Q5240076,0,5,5
Q52411,22,5,27
Q52413,23,5,28
Q52418,1,5,6
Q524233,6,2,8
Q524278,18,14,32
Q5243445,0,5,5
Q5243447,0,6,6
Q5243449,0,3,3
Q5243450,0,3,3
Q5243451,0,5,5
Q5243454,0,10,10
Q5243456,3,4,7
Q5243457,3,8,11
Q52440,20,3,23
Q5244175,0,22,22
Q52447,0,6,6
Q52454,7,0,7
Q52471,12,5,17
Q524711,16,0,16
Q524778,4,0,4
Q525065,0,9,9
Q525128,42,0,42
Q525304,13,6,19
Q525314,12,0,12
Q525318,0,8,8
Q52535,8,3,11
Q525415,27,0,27
Q525495,3,0,3
Q525508,9,0,9
Q5255151,0,5,5
Q5255892,0,7,7
Q5257661,0,5,5
Q5258881,0,9,9
Q525970,17,2,19
Q526035,14,1,15
Q526106,14,1,15
Q5261137,0,12,12
Q526173,12,2,14
Q526218,12,0,12
Q5262794,0,5,5
Q526359,13,3,16
Q526468,0,8,8
Q526620,23,10,33
Q5268,0,11,11
Q5268992,0,5,5
Q526960,4,0,4
Q5269658,0,5,5
Q527303,16,6,22
Q527316,8,0,8
Q527398,5,0,5
Q527462,23,2,25
Q5275906,0,127,127
Q5275956,0,36,36
Q527735,0,5,5
Q5277861,9,0,9
Q527853,22,0,22
Q527916,12,0,12
Q5280670,0,7,7
Q5280672,0,5,5
Q5280674,0,16,16
Q5280675,0,41,41
Q528095,39,1,40
Q528126,0,7,7
Q528231,11,2,13
Q5283295,5,0,5
Q528379,6,2,8
Q5284,0,6,6
Q52847,0,6,6
Q528496,12,0,12
Q528527,17,4,21
Q528663,25,0,25
Q5287,10,159,169
Q528752,1,4,5
Q5287861,4,0,4
Q5289309,2,0,2
Q529165,3,2,5
Q529207,22,0,22
Q5292267,0,5,5
Q5294,4,10,14
Q5294236,0,6,6
Q529470,7,0,7
Q5295360,0,17,17
Q52954,3,91,94
Q529849,17,7,24
Q529851,0,5,5
Q52996,7,0,7
Q52997,21,11,32
Q52999,4,1,5
Q530008,0,3,3
Q53001,52,3,55
Q5300150,0,10,10
Q53002,0,6,6
Q53004,33,1,34
Q53009,58,5,63
Q53011,17,1,18
Q530348,2,0,2
Q530362,11,1,12
Q530384,0,6,6
Q53040,33,6,39
Q5305629,8,2,10
Q5305701,0,21,21
Q5305702,0,15,15
Q5305703,0,17,17
Q5305704,0,22,22
Q5305705,0,4,4
Q5305710,0,5,5
Q5305711,0,6,6
Q5305712,0,6,6
Q5305714,0,6,6
Q5305716,0,5,5
Q5305717,0,3,3
Q5305719,0,8,8
Q5305720,0,7,7
Q530646,11,8,19
Q530923,19,34,53
Q53094,3,17,20
Q53096,29,0,29
Q5310792,0,5,5
Q53110,24,1,25
Q531195,0,6,6
Q53120,15,6,21
Q53121,2,0,2
Q531461,21,1,22
Q531599,23,20,43
Q531624,16,1,17
Q531869,24,5,29
Q532169,0,8,8
Q5322166,0,32,32
Q532264,28,0,28
Q5326502,9,1,10
Q532715,0,5,5
Q5328588,0,5,5
Q532944,13,4,17
Q533235,7,0,7
Q533284,23,0,23
Q53340,11,0,11
Q53342,7,1,8
Q533481,0,5,5
Q533501,3,0,3
Q533534,1,5,6
Q533547,2,5,7
Q533674,0,9,9
Q533697,0,6,6
Q534006,10,7,17
Q5341295,0,49,49
Q534151,26,0,26
Q534224,0,5,5
Q53424891,0,7,7
Q534419,31,1,32
Q534536,5,4,9
Q534643,13,2,15
Q534785,15,0,15
Q534915,0,10,10
Q535,44,7,51
Q535081,25,0,25
Q5350877,0,5,5
Q535395,44,0,44
Q535507,0,8,8
Q5357263,0,5,5
Q5357354,0,5,5
Q5358201,2,0,2
Q5358497,0,5,5
Q535967,0,5,5
Q5361043,0,5,5
Q5362415,0,5,5
Q536282,6,1,7
Q536322,29,0,29
Q5363591,0,5,5
Q536437,20,13,33
Q53648367,0,7,7
Q53651,11,7,18
Q5365910,0,21,21
Q5366020,0,9,9
Q536749,7,1,8
Q53680,20,16,36
Q5368270,2,7,9
Q5369,8,99,107
Q5369517,0,7,7
Q536964,8,10,18
Q5370843,0,5,5
Q5371838,0,107,107
Q53719,35,0,35
Q5371902,5,3,8
Q5371935,0,7,7
Q5372,6,136,142
Q537407,45,3,48
Q5375,9,13,22
Q5375740,0,10,10
Q5377,11,8,19
Q5377427,0,5,5
Q537749,6,1,7
Q537750,2,0,2
Q5378,0,6,6
Q537849,7,0,7
Q538,16,37,53
Q5383,85,19,104
Q538438,32,0,32
Q5384959,0,14,14
Q5385,0,97,97
Q5386,0,15,15
Q5386547,1,11,12
Q538696,13,0,13
Q5390,0,187,187
Q539051,0,7,7
Q539156,20,0,20
Q53922,42,1,43
Q539374,3,0,3
Q539718,13,23,36
Q5398426,0,207,207
Q539917,27,4,31
Q539955,22,0,22
Q5401,8,10,18
Q5401971,0,12,12
Q5403378,0,7,7
Q540389,15,2,17
Q540510,16,3,19
Q540590,0,9,9
Q540608,29,6,35
Q540613,19,2,21
Q54064,10,9,19
Q54065,7,8,15
Q540655,16,0,16
Q54066,14,11,25
Q540672,19,2,21
Q54072,8,5,13
Q54073,9,15,24
Q54076,10,10,20
Q540784,0,4,4
Q540787,19,1,20
Q54079,10,3,13
Q54082,5,6,11
Q54086,8,4,12
Q54089,6,2,8
Q540912,1,4,5
Q54093,12,7,19
Q540977,3,15,18
Q541079,38,0,38
Q54109,1,5,6
Q541143,0,7,7
Q541188,8,2,10
Q5412096,0,5,5
Q54122,5,1,6
Q5412592,0,34,34
Q5412594,0,30,30
Q54129,1,5,6
Q541304,1,7,8
Q54132,11,1,12
Q54134,7,0,7
Q54138,5,1,6
Q541394,2,79,81
Q54140,13,5,18
Q54145,8,1,9
Q54149,6,0,6
Q541535,0,6,6
Q54155,4,1,5
Q541554,13,2,15
Q54159,3,1,4
Q54160,6,8,14
Q54161,8,5,13
Q541621,12,0,12
Q54163,5,5,10
Q54165,10,5,15
Q54173,20,3,23
Q54177,7,2,9
Q54180,8,1,9
Q54187,4,2,6
Q54188,0,6,6
Q5419,18,0,18
Q542,0,18,18
Q542003,15,9,24
Q542069,0,8,8
Q54212,8,3,11
Q542167,0,8,8
Q54217,10,4,14
Q54231,10,14,24
Q54234,7,7,14
Q54235,9,3,12
Q54236,12,4,16
Q542367,9,0,9
Q54238,0,6,6
Q54240,10,4,14
Q5424111,0,7,7
Q542414,15,1,16
Q54246,0,5,5
Q542475,3,12,15
Q542484,24,0,24
Q54253,8,6,14
Q542634,0,6,6
Q54264,10,5,15
Q542703,3,2,5
Q54274,67,0,67
Q542810,0,6,6
Q542816,0,5,5
Q54314,0,6,6
Q543171,8,0,8
Q543457,1,2,3
Q543498,9,7,16
Q543581,41,1,42
Q543637,22,6,28
Q54365,7,13,20
Q543697,0,6,6
Q54371115,0,6,6
Q543729,18,10,28
Q543762,12,4,16
Q543804,0,10,10
Q543832,9,0,9
Q543842,14,3,17
Q5438598,0,5,5
Q544,6,1,7
Q544024,5,0,5
Q544165,14,11,25
Q5442753,0,15,15
Q544276,4,0,4
Q544352,1,0,1
Q54438,7,7,14
Q544387,46,10,56
Q54439,14,3,17
Q54440,8,4,12
Q54441,0,5,5
Q54443,7,2,9
Q54444,0,6,6
Q54445,7,3,10
Q54446,4,4,8
Q544465,27,19,46
Q5445,12,2,14
Q5445732,2,1,3
Q544664,21,0,21
Q544692,13,8,21
Q544731,4,1,5
Q544830,0,10,10
Q5448886,0,22,22
Q544890,6,4,10
Q5449100,0,1,1
Q5449677,0,7,7
Q545073,0,6,6
Q5451,20,0,20
Q545172,22,5,27
Q545216,0,8,8
Q545303,22,0,22
Q545357,0,5,5
Q545394,17,14,31
Q545449,4,22,26
Q545573,18,4,22
Q545599,0,5,5
Q5456,18,0,18
Q545634,13,3,16
Q545924,16,6,22
Q546,22,1,23
Q5461189,0,9,9
Q546204,18,5,23
Q546264,4,4,8
Q5463,20,3,23
Q5463432,0,9,9
Q546359,4,3,7
Q5465,13,10,23
Q546635,7,1,8
Q5466629,2,0,2
Q5468,13,0,13
Q5468082,6,0,6
Q546829,22,0,22
Q546881,4,2,6
Q5468928,0,5,5
Q547137,6,10,16
Q547189,37,1,38
Q547272,7,0,7
Q547310,0,9,9
Q547373,17,1,18
Q5475,10,1,11
Q5476713,2,5,7
Q547744,14,2,16
Q547795,0,5,5
Q547811,0,5,5
Q547867,8,0,8
Q5479360,10,0,10
Q5481173,0,7,7
Q548148,22,0,22
Q54820071,0,50,50
Q54824268,0,5,5
Q5482672,0,7,7
Q5482740,5,2,7
Q548389,41,58,99
Q54860,0,17,17
Q548664,10,2,12
Q5488455,0,5,5
Q549012,27,0,27
Q549017,0,5,5
Q5492,13,4,17
Q54935504,0,6,6
Q549546,1,6,7
Q549570,20,25,45
Q54958752,0,296,296
Q54961,4,1,5
Q549727,0,12,12
Q54988,4,0,4
Q549884,29,25,54
Q549942,20,4,24
Q549981,31,1,32
Q55,4,111,115
Q550196,41,0,41
Q550381,18,4,22
Q5504210,0,5,5
Q550426,0,5,5
Q55044,22,11,33
Q550558,49,0,49
Q550581,31,0,31
Q550653,0,5,5
Q550717,0,5,5
Q550837,0,5,5
Q5508497,0,7,7
Q550928,0,13,13
Q551239,0,12,12
Q5513592,0,6,6
Q5513593,0,12,12
Q5513594,0,22,22
Q55139818,0,8,8
Q551478,32,1,33
Q551558,9,5,14
Q55163,32,22,54
Q55171,0,16,16
Q551762,41,1,42
Q551828,0,11,11
Q551861,0,6,6
Q552026,1,5,6
Q552031,11,6,17
Q552036,25,0,25
Q552085,0,3,3
Q552090,0,4,4
Q55210,38,0,38
Q5521455,0,6,6
Q55215,0,10,10
Q55221,20,3,23
Q55230,18,1,19
Q5523004,0,6,6
Q55234,20,2,22
Q55238,23,3,26
Q5523981,0,10,10
Q55245,58,26,84
Q55249,19,4,23
Q5525494,8,4,12
Q55258,24,8,32
Q55260,31,10,41
Q55264,28,3,31
Q55277,40,7,47
Q552806,0,5,5
Q5528158,0,8,8
Q552819,38,0,38
Q552889,0,8,8
Q552900,14,3,17
Q55294,38,20,58
Q55300,0,12,12
Q5530024,0,11,11
Q55303,21,5,26
Q55306,0,5,5
Q55316905,0,6,6
Q553234,0,5,5
Q553276,32,2,34
Q553286,14,0,14
Q55339171,0,5,5
Q5534044,0,5,5
Q553813,0,5,5
Q5538333,0,6,6
Q55392,55,6,61
Q55400,51,18,69
Q55405,0,1,1
Q55407,20,5,25
Q55408,18,0,18
Q554091,12,0,12
Q55411,42,6,48
Q55420,34,9,43
Q554218,0,5,5
Q55422,30,23,53
Q55424,21,10,31
Q55428,19,15,34
Q55429,24,9,33
Q55430,22,10,32
Q55431,24,13,37
Q55432,15,10,25
Q55433,44,2,46
Q5544356,0,6,6
Q5546035,5,2,7
Q55469,21,3,24
Q55473342,0,7,7
Q555227,0,8,8
Q555236,17,5,22
Q555241,0,5,5
Q55524865,0,9,9
Q555370,23,1,24
Q555487,29,4,33
Q555590,0,5,5
Q555910,13,0,13
Q556,10,0,10
Q556098,8,2,10
Q5563216,0,7,7
Q55643,0,7,7
Q556502,0,5,5
Q556538,0,6,6
Q556573,0,5,5
Q55664167,0,12,12
Q5569374,0,12,12
Q556967,56,1,57
Q55697,0,5,5
Q557,49,2,51
Q5570613,11,0,11
Q5570670,0,5,5
Q557206,0,10,10
Q557208,0,8,8
Q5573308,3,2,5
Q557387,0,13,13
Q5575236,0,5,5
Q557596,26,0,26
Q557632,6,57,63
Q557880,2,7,9
Q5579574,0,6,6
Q55796,47,9,56
Q5579756,0,2,2
Q55800,61,5,66
Q558143,17,4,21
Q5582,22,1,23
Q5582745,0,7,7
Q558334,4,3,7
Q5583848,0,42,42
Q55848413,0,6,6
Q558664,14,4,18
Q5587398,0,5,5
Q5589,21,0,21
Q558922,8,9,17
Q558977,4,0,4
Q5592,31,1,32
Q559270,8,0,8
Q5593,44,4,48
Q55934339,0,10,10
Q5593620,8,1,9
Q5593631,0,11,11
Q5593741,1,4,5
Q5593753,1,5,6
Q5593755,4,2,6
Q5593762,0,1,1
Q5593771,3,4,7
Q5593782,0,17,17
Q5593784,0,8,8
Q5593789,0,11,11
Q5593802,6,8,14
Q5593817,0,7,7
Q5593831,1,3,4
Q5593832,4,11,15
Q5593841,5,2,7
Q5593861,0,12,12
Q5593862,0,4,4
Q5593866,1,5,6
Q5593889,0,3,3
Q5593890,0,33,33
Q5593901,1,4,5
Q5593916,0,31,31
Q559549,15,4,19
Q55960555,0,273,273
Q5596254,0,5,5
Q55965015,0,15,15
Q5597,23,0,23
Q559819,20,0,20
Q559844,22,2,24
Q559893,26,1,27
Q56005,36,27,63
Q56008,31,41,72
Q560108,12,7,19
Q56014,22,5,27
Q56016,35,12,47
Q560163,16,10,26
Q560178,24,2,26
Q56019,0,6,6
Q560286,30,7,37
Q5603,38,6,44
Q56037,0,6,6
Q5604,19,1,20
Q56053097,0,8,8
Q560552,0,5,5
Q56055944,0,8,8
Q5605949,12,1,13
Q56061,0,24,24
Q56063183,0,5,5
Q56064758,0,9,9
Q56070713,0,22,22
Q5608,35,8,43
Q56085709,0,53,53
Q56085715,0,34,34
Q560865,0,5,5
Q560896,9,6,15
Q56093,27,5,32
Q56094,66,42,108
Q56095,0,13,13
Q561068,0,25,25
Q5611262,0,102,102
Q561133,19,5,24
Q5611457,6,0,6
Q56116950,0,45,45
Q561401,24,2,26
Q56145,0,5,5
Q56149,9,1,10
Q56151,5,4,9
Q56152,7,7,14
Q56153,6,3,9
Q5617048,0,6,6
Q561809,15,3,18
Q56194,136,1,137
Q562063,17,5,22
Q562084,0,5,5
Q562251,0,5,5
Q562257,14,5,19
Q562337,24,0,24
Q56255706,0,9,9
Q562596,26,2,28
Q562675,0,8,8
Q56274748,0,7,7
Q562827,0,5,5
Q56284716,0,16,16
Q5629067,0,69,69
Q562973,0,5,5
Q56297769,0,5,5
Q563177,17,12,29
Q5637614,12,3,15
Q5638,5,0,5
Q56385,0,5,5
Q56412,0,5,5
Q564298,38,2,40
Q56431,0,6,6
Q56441911,0,50,50
Q564612,4,2,6
Q5646566,0,5,5
Q56467,0,24,24
Q56475,0,6,6
Q56477,0,6,6
Q56479,1,6,7
Q56487,0,9,9
Q564958,31,0,31
Q564960,8,15,23
Q56500,0,5,5
Q565030,0,9,9
Q565231,20,1,21
Q56553,0,6,6
Q56557504,0,5,5
Q566037,0,5,5
Q566098,16,0,16
Q56611639,0,16,16
Q56643,0,5,5
Q56666,0,5,5
Q566885,0,7,7
Q566890,34,0,34
Q566905,0,40,40
Q566923,0,7,7
Q5673,41,0,41
Q56749,0,5,5
Q567577,43,0,43
Q56760250,0,33,33
Q5676252,0,14,14
Q5678518,0,6,6
Q567899,6,0,6
Q5679,47,2,49
Q568133,29,0,29
Q56816954,0,6,6
Q5682,33,4,37
Q56826329,1,9,10
Q5685,37,4,41
Q568532,6,2,8
Q5686,47,15,62
Q568723,0,16,16
Q5690,16,1,17
Q569003,32,1,33
Q569028,21,0,21
Q569225,3,0,3
Q569678,4,5,9
Q569998,0,10,10
Q570116,0,14,14
Q570481,31,2,33
Q5705,26,4,30
Q57052,0,8,8
Q570652,39,0,39
Q570910,2,3,5
Q570921,6,1,7
Q5709276,0,12,12
Q570990,5,2,7
Q571032,63,0,63
Q5711225,0,6,6
Q57118,17,9,26
Q571183,44,0,44
Q571197,32,0,32
Q57123,0,5,5
Q57143,3,1,4
Q571443,0,5,5
Q57147,21,14,35
Q5716684,1,118,119
Q572004,16,5,21
Q572134,5,3,8
Q572165,42,0,42
Q57231,0,7,7
Q572316,0,24,24
Q572335,5,1,6
Q572437,32,0,32
Q57278,7,0,7
Q572811,0,5,5
Q57282,20,0,20
Q572831,0,5,5
Q572838,8,2,10
Q572901,3,5,8
Q572903,44,0,44
Q572957,5,0,5
Q573108,5,1,6
Q573112,22,0,22
Q573164,0,7,7
Q57318,0,9,9
Q573341,17,0,17
Q573484,3,1,4
Q573709,28,3,31
Q573743,17,2,19
Q573805,0,5,5
Q5738687,0,5,5
Q57391,19,9,28
Q574,39,5,44
Q574057,26,0,26
Q574075,5,1,6
Q5741069,1,71,72
Q574190,0,5,5
Q574192,7,4,11
Q574452,9,0,9
Q574651,2,1,3
Q574998,32,0,32
Q575315,5,5,10
Q575355,5,2,7
Q575370,5,1,6
Q575618,3,2,5
Q5756639,0,5,5
Q575750,6,1,7
Q575795,14,2,16
Q575806,9,9,18
Q575917,14,1,15
Q5760981,8,0,8
Q57614,0,12,12
Q5762,0,132,132
Q5762300,2,2,4
Q576367,26,0,26
Q5763964,0,24,24
Q576505,47,0,47
Q57655560,0,13,13
Q576562,6,1,7
Q576671,5,5,10
Q576837,6,0,6
Q577757,36,1,37
Q577802,6,3,9
Q577878,7,1,8
Q577891,6,1,7
Q5778924,0,10,10
Q577945,1,6,7
Q577964,6,2,8
Q577975,15,0,15
Q577982,4,1,5
Q578109,5,501,506
Q578116,0,5,5
Q578170,6,50,56
Q578289,7,7,14
Q578312,33,1,34
Q57833,12,2,14
Q578344,37,1,38
Q578351,9,1,10
Q578478,10,1,11
Q5785,17,2,19
Q579100,0,5,5
Q579209,16,0,16
Q57932,0,5,5
Q579321,18,0,18
Q5794,6,3,9
Q579550,0,5,5
Q579571,0,5,5
Q579611,13,4,17
Q579736,5,0,5
Q579757,50,0,50
Q579928,20,1,21
Q579962,5,0,5
Q579968,20,13,33
Q580182,10,0,10
Q58024,16,0,16
Q580509,4,3,7
Q5805556,0,5,5
Q580574,2,6,8
Q580587,0,5,5
Q5806,17,3,20
Q580716,28,1,29
Q580866,7,1,8
Q581105,7,4,11
Q5812,25,1,26
Q581501,38,1,39
Q5816,30,4,34
Q581642,30,0,30
Q581714,2,1,3
Q581733,32,0,32
Q581859,34,0,34
Q581921,8,3,11
Q581964,36,0,36
Q582121,2,0,2
Q582147,34,0,34
Q582284,27,0,27
Q582779,6,0,6
Q58296,14,6,20
Q582979,18,0,18
Q58339,3,23,26
Q5836,11,0,11
Q5838,16,1,17
Q58381,20,0,20
Q583881,0,6,6
Q583972,5,31,36
Q584,26,2,28
Q58402380,0,5,5
Q584025,48,1,49
Q584221,16,1,17
Q584301,4,18,22
Q584316,4,0,4
Q58444,42,29,71
Q584451,9,10,19
Q584629,3,0,3
Q58488719,0,44,44
Q585,23,6,29
Q5852411,0,6,6
Q585575,24,0,24
Q585643,8,30,38
Q585668,0,17,17
Q585758,55,0,55
Q58579,22,0,22
Q585823,0,7,7
Q585828,11,2,13
Q58586,28,5,33
Q586,35,6,41
Q586060,5,0,5
Q586140,6,26,32
Q586250,3,26,29
Q586320,13,0,13
Q58635,33,23,56
Q586356,4,69,73
Q586679,0,7,7
Q586735,7,4,11
Q586762,6,6,12
Q58680,12,5,17
Q58684,6,8,14
Q586857,0,6,6
Q58686,8,2,10
Q58688,8,4,12
Q58691,11,7,18
Q58692,0,7,7
Q58694,6,3,9
Q58696,11,1,12
Q58698,0,5,5
Q587027,1,3,4
Q587102,0,5,5
Q58711,7,6,13
Q58712,5,3,8
Q58721,0,5,5
Q58731,0,5,5
Q58735,32,0,32
Q587361,26,3,29
Q58759,0,7,7
Q587641,1,7,8
Q587707,38,0,38
Q5877090,7,0,7
Q58771,5,3,8
Q58774,4,2,6
Q587741,15,0,15
Q587891,41,0,41
Q5879,73,8,81
Q588,18,0,18
Q5880927,11,0,11
Q588246,14,0,14
Q5882770,0,23,23
Q588420,62,0,62
Q5885,20,47,67
Q58854,0,6,6
Q588602,6,0,6
Q588834,0,5,5
Q5888666,0,14,14
Q58900,6,1,7
Q589015,0,18,18
Q5891,12,61,73
Q58912,33,8,41
Q589183,0,11,11
Q589378,0,6,6
Q589410,3,0,3
Q5894551,0,5,5
Q5894560,15,9,24
Q5894564,6,2,8
Q5894567,4,3,7
Q5894572,5,2,7
Q589459,19,0,19
Q589460,4,3,7
Q589563,3,0,3
Q58967,6,0,6
Q5897543,0,8,8
Q589797,0,6,6
Q589894,29,0,29
Q59,6,0,6
Q590102,6,0,6
Q590103,1,13,14
Q5902,9,0,9
Q590208,0,21,21
Q590227,1,6,7
Q590252,29,0,29
Q590631,0,37,37
Q590643,11,1,12
Q590813,24,0,24
Q59084,27,0,27
Q59085,22,9,31
Q590870,1,18,19
Q59115,5,6,11
Q5912,34,0,34
Q591238,11,4,15
Q591272,45,0,45
Q59129,25,7,32
Q591556,40,0,40
Q5917,8,3,11
Q59185,26,0,26
Q591945,19,2,21
Q592,2,0,2
Q592060,2,0,2
Q5921,30,5,35
Q59215,40,14,54
Q592241,4,0,4
Q592330,3,1,4
Q592491,0,4,4
Q5925,11,19,30
Q59258086,0,5,5
Q59259,18,16,34
Q592669,0,6,6
Q5928,33,16,49
Q5930,20,8,28
Q593050,3,0,3
Q593098,0,81,81
Q59314,0,5,5
Q5933,12,12,24
Q5933763,4,0,4
Q5933766,0,2,2
Q5933887,0,5,5
Q5935804,0,8,8
Q593615,38,0,38
Q593644,3,8,11
Q593726,27,0,27
Q593768,0,43,43
Q5942219,3,2,5
Q594265,0,5,5
Q594738,0,5,5
Q594886,0,5,5
Q59490097,0,10,10
Q5950,36,11,47
Q595595,39,0,39
Q595612,25,0,25
Q5956341,0,5,5
Q595693,20,10,30
Q595916,6,1,7
Q59595,34,0,34
Q595998,0,12,12
Q596085,36,1,37
Q59610,35,0,35
Q596137,15,0,15
Q596139,5,1,6
Q596294,0,15,15
Q59653,72,3,75
Q596698,17,0,17
Q59670,10,1,11
Q5967604,3,0,3
Q596779,15,0,15
Q596850,0,6,6
Q596984,30,0,30
Q597,14,9,23
Q597236,14,2,16
Q597239,61,0,61
Q597240,3,2,5
Q597250,4,0,4
Q597433,23,0,23
Q597526,1,5,6
Q597842,3,0,3
Q598178,0,6,6
Q598185,17,0,17
Q5982007,7,3,10
Q59821,24,10,34
Q59825918,0,10,10
Q598344,23,0,23
Q598499,30,0,30
Q598593,5,0,5
Q598675,18,12,30
Q598841,13,0,13
Q598860,39,0,39
Q598929,3,24,27
Q598939,0,5,5
Q598983,23,1,24
Q599151,7,6,13
Q599274,0,8,8
Q59931,36,0,36
Q599316,13,29,42
Q599356,3,0,3
Q5994,8,314,322
Q599432,31,0,31
Q599434,0,5,5
Q599439,14,8,22
Q599558,0,20,20
Q59974849,0,21,21
Q599840,12,0,12
Q60,43,1170,1213
Q60025,63,1,64
Q600301,9,4,13
Q600344,19,6,25
Q60036,19,6,25
Q600364,26,0,26
Q600393,17,0,17
Q60068,21,1,22
Q60072,46,2,48
Q6010,1,19,20
Q60100,24,12,36
Q601032,0,5,5
Q60123,9,1,10
Q601235,5,2,7
Q60130,5,3,8
Q601304,0,4,4
Q601521,17,0,17
Q601549,0,5,5
Q601661,0,5,5
Q60206,18,0,18
Q602094,28,6,34
Q602256,27,0,27
Q602299,4,90,94
Q602358,0,1449,1449
Q602446,0,13,13
Q602866,4,69,73
Q602883,10,0,10
Q60296,24,0,24
Q603034,11,0,11
Q603271,4,0,4
Q603317,0,8,8
Q60355,0,8,8
Q603633,4,0,4
Q603676,0,7,7
Q603696,44,0,44
Q604055,0,5,5
Q604083,42,0,42
Q60422,13,4,17
Q604313,1,6,7
Q604370,1,46,47
Q60439913,0,5,5
Q604485,0,8,8
Q60450,5,3,8
Q604524,19,1,20
Q604575,9,0,9
Q60458065,0,8,8
Q604581,4,0,4
Q604589,3,1,4
Q6047120,0,14,14
Q604725,0,13,13
Q6047285,0,7,7
Q604762,0,11,11
Q604769,0,6,6
Q604813,2,2,4
Q604879,3,0,3
Q60493,0,7,7
Q6051619,0,22,22
Q605226,34,0,34
Q605233,8,2,10
Q605326,0,177,177
Q60535625,0,5,5
Q605388,5,1,6
Q605453,46,0,46
Q6055867,10,0,10
Q605592,1,5,6
Q605857,0,5,5
Q605977,7,0,7
Q6060,29,1,30
Q606060,0,7,7
Q60607639,0,32,32
Q606162,5,0,5
Q606212,3,0,3
Q606215,0,5,5
Q606226,22,1,23
Q606393,3,0,3
Q60640,0,5,5
Q6066272,8,1,9
Q606928,39,0,39
Q607,0,5,5
Q6071674,6,0,6
Q607179,36,0,36
Q607280,14,4,18
Q607295,6,0,6
Q607354,21,23,44
Q607514,10,1,11
Q607678,13,7,20
Q607793,12,1,13
Q6078,35,3,38
Q607910,42,0,42
Q607939,3,0,3
Q60802,0,6,6
Q608122,3,0,3
Q608130,5,1,6
Q608207,7,1,8
Q608338,9,0,9
Q608709,0,10,10
Q608723,0,15,15
Q608988,5,0,5
Q609236,33,0,33
Q609274,25,0,25
Q609464,0,6,6
Q6096,39,6,45
Q609646,7,1,8
Q609698,7,2,9
Q60995,6,3,9
Q609977,0,7,7
Q61,34,193,227
Q610136,0,7,7
Q610159,33,0,33
Q610339,24,0,24
Q61059,20,1,21
Q6106,22,23,45
Q61061,1,2,3
Q61065,0,7,7
Q6107,31,2,33
Q61078,27,3,30
Q610862,0,5,5
Q610903,16,16,32
Q611043,30,0,30
Q611050,6,1,7
Q61116,0,5,5
Q611346,0,6,6
Q611404,23,0,23
Q6114749,0,7,7
Q6114830,0,19,19
Q61160,3,2,5
Q611672,38,4,42
Q611723,15,0,15
Q611885,3,0,3
Q612,0,5,5
Q612007,12,0,12
Q612024,3,3,6
Q6121509,0,6,6
Q612167,17,1,18
Q6122272,13,0,13
Q6122336,9,0,9
Q61228,7,4,11
Q6123628,9,3,12
Q612471,10,0,10
Q612768,2,0,2
Q61283808,0,8,8
Q61285,1,16,17
Q613,4,2,6
Q613408,4,27,31
Q61347,9,1,10
Q61356,0,7,7
Q613634,4,0,4
Q6136785,0,8,8
Q6138447,5,2,7
Q613931,3,0,3
Q614130,0,10,10
Q614200,14,0,14
Q61432,6,0,6
Q614408,5,1,6
Q61465,4,0,4
Q614661,0,6,6
Q614774,0,7,7
Q614864,35,0,35
Q6149681,0,8,8
Q615,42,0,42
Q61509,0,2,2
Q615150,2,50,52
Q61552,0,11,11
Q615640,0,5,5
Q615682,26,8,34
Q615873,11,2,13
Q615880,0,7,7
Q615944,34,3,37
Q616171,11,6,17
Q616591,15,5,20
Q616679,6,0,6
Q61669648,0,25,25
Q6168364,0,15,15
Q616886,27,4,31
Q616957,2,0,2
Q61696,39,1,40
Q616982,0,5,5
Q617,25,5,30
Q617240,7,2,9
Q617375,9,2,11
Q6173926,0,9,9
Q617395,20,0,20
Q617433,26,27,53
Q61745062,0,5,5
Q6175526,0,7,7
Q617690,0,7,7
Q617752,4,0,4
Q617827,2,1,3
Q617869,13,7,20
Q617942,30,0,30
Q618091,0,12,12
Q618324,1,4,5
Q618329,13,0,13
Q618352,0,9,9
Q6183524,12,0,12
Q6183733,9,0,9
Q618520,4,0,4
Q6186,13,2,15
Q61862331,0,7,7
Q618694,0,4,4
Q618779,0,20,20
Q61881,0,11,11
Q61883,0,5,5
Q61923,0,5,5
Q61942967,0,7,7
Q61946928,0,6,6
Q61947380,1,6,7
Q619610,0,6,6
Q6199,12,0,12
Q62,25,178,203
Q62049,0,291,291
Q620629,0,13,13
Q620640,9,0,9
Q620730,121,1,122
Q620731,25,1,26
Q62073537,0,17,17
Q62078547,0,118,118
Q62079009,0,5,5
Q621,10,3,13
Q621043,20,3,23
Q621080,3,0,3
Q621099,0,10,10
Q621259,3,1,4
Q621364,0,16,16
Q621490,17,20,37
Q621522,0,5,5
Q621529,36,0,36
Q621549,7,6,13
Q621587,30,0,30
Q621818,0,5,5
Q6221,21,3,24
Q622137,17,1,18
Q622240,40,1,41
Q622291,1,1,2
Q622370,4,11,15
Q6224023,0,5,5
Q622432,3,0,3
Q622435,0,5,5
Q622441,4,6,10
Q6225,14,4,18
Q622521,0,6,6
Q6225246,0,7,7
Q622548,0,27,27
Q6226,12,2,14
Q622651,0,8,8
Q622664,27,9,36
Q622668,6,35,41
Q622742,39,0,39
Q622747,2,7,9
Q622763,22,4,26
Q622769,54,1,55
Q622807,4,29,33
Q622812,3,6,9
Q622813,3,4,7
Q622848,11,18,29
Q622871,6,0,6
Q622877,24,0,24
Q622947,7,5,12
Q623,34,0,34
Q623031,7,19,26
Q6231,14,1,15
Q623268,4,0,4
Q623279,3,0,3
Q623336,29,2,31
Q6234290,3,2,5
Q623443,42,0,42
Q6235,3,0,3
Q623502,33,0,33
Q623687,9,0,9
Q623724,31,1,32
Q62378,11,0,11
Q624090,8,2,10
Q624232,0,8,8
Q624307,0,21,21
Q624477,0,12,12
Q624571,9,1,10
Q624603,34,0,34
Q624611,9,0,9
Q624614,24,0,24
Q6247,23,0,23
Q624771,2,8,10
Q624806,24,1,25
Q624985,4,3,7
Q625130,4,0,4
Q6252,17,2,19
Q625458,6,2,8
Q62547,17,14,31
Q6254937,5,0,5
Q625568,0,7,7
Q6255748,0,7,7
Q6256,0,197,197
Q62573441,0,6,6
Q625798,3,0,3
Q62589,0,6,6
Q6259,23,0,23
Q626035,2,6,8
Q626178,7,2,9
Q62621,10,1,11
Q62651,1,5,6
Q62652,0,5,5
Q626591,8,1,9
Q6266,0,19,19
Q62665,51,1,52
Q6269240,0,43,43
Q627,12,0,12
Q627091,8,14,22
Q6271,6,2,8
Q627271,9,3,12
Q62730,25,0,25
Q6273205,0,7,7
Q627325,3,9,12
Q627436,0,10,10
Q627637,0,8,8
Q62766,30,5,35
Q627778,6,48,54
Q62786,17,0,17
Q6279,34,1,35
Q627906,4,3,7
Q627969,26,0,26
Q628,22,1,23
Q628099,4,8,12
Q628139,34,0,34
Q628165,3,11,14
Q628249,7,1,8
Q628637,0,87,87
Q629,18,0,18
Q629088,0,6,6
Q6294,51,6,57
Q629439,9,0,9
Q629596,30,1,31
Q629654,1,4,5
Q629696,0,15,15
Q62975,31,9,40
Q629802,3,0,3
Q629975,43,0,43
Q630018,0,6,6
Q630132,27,0,27
Q630226,9,4,13
Q63026,70,1,71
Q63072513,0,8,8
Q630728,0,7,7
Q630767,16,3,19
Q631,7,7,14
Q631066,17,1,18
Q631103,26,3,29
Q631194,6,0,6
Q631369,18,0,18
Q631402,9,1,10
Q6314039,0,2,2
Q6314042,0,16,16
Q6314046,0,7,7
Q6314074,0,10,10
Q6314079,0,4,4
Q6314081,0,4,4
Q6314083,0,15,15
Q6314087,0,4,4
Q6314089,0,7,7
Q6314103,0,9,9
Q6314105,0,17,17
Q6314109,0,6,6
Q6314207,0,6,6
Q631515,38,0,38
Q631915,5,5,10
Q632323,11,30,41
Q632328,36,0,36
Q632487,0,9,9
Q632511,7,0,7
Q632559,0,10,10
Q63284758,0,92,92
Q632891,20,5,25
Q633,81,5,86
Q633521,4,1,5
Q633631,15,2,17
Q63366,13,0,13
Q634,12,0,12
Q634019,1,6,7
Q63405798,0,7,7
Q6343,18,0,18
Q634396,6,0,6
Q63440326,0,8,8
Q634574,0,5,5
Q6346,19,19,38
Q634669,10,1,11
Q634684,8,8,16
Q634810,27,0,27
Q634829,5,0,5
Q634898,11,4,15
Q634951,2,1,3
Q635569,26,0,26
Q635632,47,0,47
Q635642,6,2,8
Q635654,4,0,4
Q635788,1,0,1
Q635924,29,0,29
Q635937,45,0,45
Q6359432,0,10,10
Q636,30,4,34
Q636043,33,1,34
Q636303,17,0,17
Q6363475,0,5,5
Q6363478,0,6,6
Q636444,13,1,14
Q636664,0,10,10
Q637021,34,0,34
Q637180,43,0,43
Q637238,0,8,8
Q637290,36,0,36
Q637650,5,1,6
Q637771,5,2,7
Q637820,38,0,38
Q637842,25,0,25
Q63791824,0,7,7
Q637979,0,7,7
Q638,23,109,132
Q638187,6,2,8
Q6382703,0,5,5
Q63860397,0,5,5
Q638608,0,6,6
Q63885,4,0,4
Q638859,9,5,14
Q638908,0,5,5
Q6391089,0,5,5
Q6391622,0,5,5
Q639182,5,3,8
Q6391891,0,6,6
Q639197,7,9,16
Q639202,4,0,4
Q6392428,6,2,8
Q6393425,0,5,5
Q639387,40,0,40
Q639408,5,4,9
Q6394341,0,2,2
Q639452,6,1,7
Q639481,43,0,43
Q63952888,0,19,19
Q639542,6,0,6
Q639560,8,0,8
Q639669,9,289,298
Q6397,22,2,24
Q6397066,15,0,15
Q63985075,0,34,34
Q639928,0,5,5
Q63997,22,0,22
Q64,54,80,134
Q640097,2,2,4
Q640353,4,51,55
Q640374,7,12,19
Q64038,2,1,3
Q640450,27,0,27
Q6404857,0,13,13
Q640561,18,0,18
Q640652,21,6,27
Q640694,22,4,26
Q640695,13,0,13
Q6407480,0,5,5
Q641,27,17,44
Q641061,38,1,39
Q64116,13,1,14
Q641316,4,89,93
Q641346,23,1,24
Q641347,0,5,5
Q641357,3,1,4
Q64151,34,1,35
Q64160,5,0,5
Q641656,0,10,10
Q641760,37,2,39
Q641786,23,0,23
Q641975,10,1,11
Q6420832,10,5,15
Q6421948,0,17,17
Q642196,11,0,11
Q642291,4,1,5
Q6423963,1,36,37
Q642408,6,0,6
Q642410,47,0,47
Q642433,5,0,5
Q642501,27,0,27
Q642553,3,0,3
Q642707,8,1,9
Q642878,0,11,11
Q6430706,0,5,5
Q643083,3,0,3
Q643107,3,0,3
Q643215,0,11,11
Q643263,54,2,56
Q6432786,0,8,8
Q643811,33,1,34
Q643873,3,4,7
Q643883,9,1,10
Q644065,23,0,23
Q644077,0,20,20
Q6441,12,3,15
Q644157,3,0,3
Q644276,35,0,35
Q6443304,0,7,7
Q644357,0,8,8
Q644371,0,7,7
Q644440,1,1,2
Q6446173,0,5,5
Q6446193,0,5,5
Q644687,3,26,29
Q644711,0,6,6
Q64485314,0,23,23
Q644933,35,1,36
Q644943,6,4,10
Q644987,44,0,44
Q644995,3,1,4
Q645094,44,2,46
Q645168,40,0,40
Q6452192,0,5,5
Q6452410,2,7,9
Q645399,13,1,14
Q645595,0,14,14
Q645597,38,1,39
Q64560,10,6,16
Q645627,17,2,19
Q645663,13,4,17
Q645735,32,0,32
Q6458663,0,20,20
Q645889,8,37,45
Q645928,2,200,202
Q646079,4,0,4
Q646088,6,0,6
Q646225,5,3,8
Q6463,6,0,6
Q646389,54,0,54
Q6465,0,16,16
Q646596,3,1,4
Q646633,42,1,43
Q646806,35,0,35
Q646929,24,2,26
Q646968,0,17,17
Q646980,7,3,10
Q647039,0,188,188
Q6471428,0,5,5
Q647546,40,1,41
Q6478447,1,0,1
Q647893,5,0,5
Q648,22,4,26
Q6480391,11,0,11
Q648299,31,0,31
Q648501,9,4,13
Q648611,10,16,26
Q648666,5,1,6
Q648810,6,2,8
Q648897,0,6,6
Q6489113,0,12,12
Q648977,46,0,46
Q649,35,48,83
Q649165,53,0,53
Q649175,5,2,7
Q6496321,0,11,11
Q6496347,0,3,3
Q6496361,8,6,14
Q6496379,0,4,4
Q6496381,0,3,3
Q6496387,0,7,7
Q6496398,0,5,5
Q6496399,0,3,3
Q6496400,0,4,4
Q6496405,11,0,11
Q6496408,2,9,11
Q6496471,0,8,8
Q649649,7,47,54
Q6497774,6,0,6
Q649823,3,2,5
Q649998,7,0,7
Q65,42,1105,1147
Q6500019,0,12,12
Q650068,6,2,8
Q6500754,3,0,3
Q6500762,0,4,4
Q6500767,0,9,9
Q6500772,0,8,8
Q6500774,0,8,8
Q6500775,0,6,6
Q6500795,0,8,8
Q6500798,0,3,3
Q6501380,0,7,7
Q650316,6,4,10
Q6504587,0,7,7
Q6506,19,1,20
Q65077806,0,6,6
Q650816,3,0,3
Q650829,3,1,4
Q650840,5,1,6
Q650855,3,1,4
Q650865,3,0,3
Q650973,1,0,1
Q65105,0,6,6
Q651060,35,0,35
Q6510842,6,0,6
Q651196,36,0,36
Q6512,0,9,9
Q651228,7,6,13
Q651231,6,3,9
Q6513,0,22,22
Q651454,8,32,40
Q651692,10,1,11
Q651722,48,1,49
Q651923,39,1,40
Q652,21,203,224
Q65200056,0,7,7
Q652035,8,2,10
Q652228,10,0,10
Q652256,2,17,19
Q652390,1,11,12
Q652421,3,1,4
Q6525237,8,0,8
Q652560,0,10,10
Q652592,32,0,32
Q652644,0,5,5
Q6527,39,6,45
Q652715,11,5,16
Q652879,3,1,4
Q653159,9,12,21
Q65321,0,8,8
Q6534,8,3,11
Q65359104,0,42,42
Q6536,0,6,6
Q653636,5,3,8
Q6537,10,1,11
Q6537297,2,3,5
Q653772,5,1,6
Q65379,24,1,25
Q653884,0,17,17
Q6540832,0,16,16
Q654216,13,1,14
Q6542686,0,29,29
Q654283,7,21,28
Q654620,6,24,30
Q654730,20,3,23
Q654909,0,5,5
Q655,7,4,11
Q655051,33,0,33
Q655207,7,2,9
Q655392,5,0,5
Q65551212,0,6,6
Q655514,4,1,5
Q65557474,0,50,50
Q65589340,0,9,9
Q655980,24,0,24
Q656,39,29,68
Q656118,21,0,21
Q656185,0,11,11
Q656396,12,0,12
Q656664,30,0,30
Q656752,8,9,17
Q656801,0,176,176
Q657,45,5,50
Q657079,34,1,35
Q657222,6,1,7
Q6574,0,232,232
Q657541,0,5,5
Q657558,6,1,7
Q657828,14,5,19
Q657901,7,1,8
Q658,14,0,14
Q6580,6,0,6
Q658041,44,1,45
Q6581072,0,931,931
Q6581097,0,3396,3396
Q658255,0,24,24
Q6585139,0,6,6
Q658614,19,5,24
Q658626,0,5,5
Q658690,0,6,6
Q659,0,11,11
Q659017,0,5,5
Q659212,4,0,4
Q65921422,0,7,7
Q6593035,0,6,6
Q65932,47,32,79
Q659400,13,4,17
Q659599,4,1,5
Q659706,9,0,9
Q659962,0,5,5
Q66,23,1,24
Q660,14,0,14
Q6602,26,7,33
Q660237,26,0,26
Q660545,17,0,17
Q660685,0,6,6
Q6607,9,417,426
Q6608367,13,10,23
Q660950,32,2,34
Q66096,7,2,9
Q660984,3,2,5
Q661543,3,0,3
Q661847,17,0,17
Q661896,0,77,77
Q662042,3,0,3
Q662081,5,9,14
Q662342,38,0,38
Q662575,6,4,10
Q6625963,1,249,250
Q662729,0,5,5
Q662801,5,0,5
Q662838,23,0,23
Q662860,2,13,15
Q662934,6,6,12
Q6630,4,0,4
Q663106,3,72,75
Q663400,3,0,3
Q663492,0,42,42
Q663519,3,2,5
Q6636,0,7,7
Q663741,0,5,5
Q66386517,0,10,10
Q664,75,88,163
Q664020,25,0,25
Q6641,6,0,6
Q664167,10,41,51
Q664212,0,5,5
Q664532,15,0,15
Q66458647,0,33,33
Q664592,28,1,29
Q664609,8,30,38
Q66485,13,3,16
Q664881,8,2,10
Q6649,4,1,5
Q6651,5,2,7
Q665105,6,9,15
Q6654,18,19,37
Q665489,8,0,8
Q6655,0,333,333
Q665532,0,6,6
Q66568,9,1,10
Q665807,0,6,6
Q6661,2,0,2
Q666128,7,1,8
Q66616,9,1,10
Q6664,4,1,5
Q6665249,1,6,7
Q667,0,6,6
Q667066,0,12,12
Q66715801,0,14,14
Q6672299,0,5,5
Q667260,0,5,5
Q667389,10,3,13
Q66743,0,7,7
Q667509,0,5,5
Q66763670,1,4,5
Q66763708,1,6,7
Q667659,4,4,8
Q667727,4,2,6
Q667982,3,1,4
Q668,191,376,567
Q6682369,0,8,8
Q6682727,0,6,6
Q668280,32,0,32
Q6683,0,7,7
Q668546,4,1,5
Q668676,7,2,9
Q668925,0,5,5
Q6690,4,0,4
Q6691,0,7,7
Q669127,4,0,4
Q6693219,4,2,6
Q669354,0,6,6
Q6694,0,5,5
Q669442,7,0,7
Q669458,0,7,7
Q669591,28,0,28
Q669592,33,0,33
Q669628,32,0,32
Q669749,38,0,38
Q670186,3,0,3
Q670282,0,21,21
Q670296,18,10,28
Q6703,4,2,6
Q67030918,1,10,11
Q670376,5,1,6
Q670378,29,0,29
Q670417,22,1,23
Q6708571,0,5,5
Q670858,9,0,9
Q670897,26,7,33
Q6711,35,1,36
Q671288,6,2,8
Q671348,6,1,7
Q671458,4,1,5
Q6714703,0,6,6
Q671475,6,0,6
Q671510,9,0,9
Q67175872,0,9,9
Q671812,5,3,8
Q671892,6,1,7
Q67194795,0,5,5
Q672,30,4,34
Q6721,3,1,4
Q6722,57,1,58
Q6723,0,300,300
Q672392,2,9,11
Q672443,26,0,26
Q672531,0,8,8
Q673007,0,5,5
Q67311526,0,2419,2419
Q673198,38,0,38
Q673229,0,19,19
Q673517,14,0,14
Q67376938,0,5,5
Q67379558,0,5,5
Q674,7,0,7
Q674113,5,0,5
Q674146,0,5,5
Q674165,21,9,30
Q674182,0,8,8
Q674359,0,13,13
Q674426,5,0,5
Q674451,0,16,16
Q674456,28,2,30
Q6746429,0,5,5
Q67469,0,6,6
Q6747503,0,6,6
Q674953,3,3,6
Q6750277,9,0,9
Q675208,5,0,5
Q675309,0,5,5
Q675468,31,1,32
Q6755521,0,6,6
Q675553,8,1,9
Q6755655,18,0,18
Q675576,11,0,11
Q6757069,7,0,7
Q675776,0,6,6
Q675937,37,1,38
Q6759968,0,7,7
Q676,0,21,21
Q6760,0,83,83
Q676039,44,0,44
Q676094,28,22,50
Q6761,11,2,13
Q6761828,0,15,15
Q676284,24,0,24
Q6763645,12,1,13
Q676513,29,0,29
Q67652870,0,52,52
Q6766988,0,6,6
Q6767,4,1,5
Q6767774,15,1,16
Q6768622,0,6,6
Q676899,25,5,30
Q6769075,0,5,5
Q677,17,0,17
Q67701,0,8,8
Q677037,0,6,6
Q677085,16,1,17
Q6773,0,7,7
Q677439,11,5,16
Q6774606,0,5,5
Q677542,4,0,4
Q6777519,0,15,15
Q6779,0,13,13
Q678,33,3,36
Q6780492,0,11,11
Q678058,0,10,10
Q678090,1,3,4
Q678259,0,57,57
Q678263,5,1,6
Q678410,14,0,14
Q678437,8,4,12
Q678500,0,5,5
Q678551,4,38,42
Q679,0,5,5
Q679007,0,5,5
Q679023,35,0,35
Q67904121,0,8,8
Q679373,34,0,34
Q679611,37,1,38
Q679657,48,0,48
Q679679,21,0,21
Q679746,27,1,28
Q679918,35,0,35
Q679933,10,2,12
Q679987,0,12,12
Q68,4,4,8
Q680221,0,6,6
Q680517,0,7,7
Q6806,0,18,18
Q680614,1,8,9
Q6806876,1,4,5
Q680984,3,1,4
Q681025,14,11,25
Q681092,36,0,36
Q6811130,0,6,6
Q681156,0,6,6
Q681737,0,4,4
Q681962,60,0,60
Q682002,35,1,36
Q6822266,0,12,12
Q682443,6,23,29
Q682752,0,6,6
Q6828,0,49,49
Q6828608,0,6,6
Q6829578,0,6,6
Q6829877,10,0,10
Q683,37,4,41
Q6832945,0,9,9
Q683351,3,0,3
Q683394,6,1,7
Q6834458,0,5,5
Q683663,38,0,38
Q683705,29,3,32
Q683724,6,2,8
Q683766,4,1,5
Q6837811,0,5,5
Q683785,0,7,7
Q684095,6,1,7
Q684288,20,0,20
Q684415,0,9,9
Q684425,13,1,14
Q6848167,10,0,10
Q684952,0,8,8
Q685,37,3,40
Q685000,3,2,5
Q685109,42,1,43
Q68518,12,1,13
Q685245,30,0,30
Q685335,8,0,8
Q685884,6,13,19
Q686,35,5,40
Q6860967,0,5,5
Q686163,0,5,5
Q686301,26,2,28
Q686522,0,8,8
Q686533,36,0,36
Q686949,4,0,4
Q687040,52,1,53
Q687123,6,78,84
Q687427,4,1,5
Q6881511,1,90,91
Q6881613,0,12,12
Q6882,31,9,40
Q688300,3,0,3
Q688333,11,2,13
Q689093,6,1,7
Q689114,13,0,13
Q689842,33,1,34
Q689859,0,7,7
Q689874,6,1,7
Q689957,0,6,6
Q690,11,6,17
Q690079,6,2,8
Q6904590,0,7,7
Q690463,34,0,34
Q690569,0,5,5
Q6906,0,8,8
Q690645,0,12,12
Q690974,43,2,45
Q691,44,6,50
Q691203,4,20,24
Q691283,5,3,8
Q6915696,23,0,23
Q691648,0,7,7
Q691672,55,1,56
Q691685,10,3,13
Q691892,6,17,23
Q691960,0,6,6
Q692,38,22,60
Q6923684,0,6,6
Q692417,4,2,6
Q692550,8,30,38
Q6927,0,9,9
Q692800,15,6,21
Q692808,14,2,16
Q692979,13,3,16
Q693039,2,0,2
Q693058,0,8,8
Q693194,5,1,6
Q693268,8,3,11
Q693301,0,5,5
Q6933443,7,0,7
Q69339,28,3,31
Q693466,5,0,5
Q693911,0,7,7
Q693951,4,0,4
Q694,17,6,23
Q6940,0,11,11
Q694052,5,2,7
Q694140,57,1,58
Q69423232,0,33,33
Q694545,6,2,8
Q694550,12,1,13
Q694589,0,19,19
Q69461,1,0,1
Q695,34,5,39
Q6952053,0,7,7
Q6952055,0,5,5
Q6952065,0,6,6
Q6952068,0,4,4
Q6952069,0,15,15
Q6952070,0,4,4
Q6952071,0,8,8
Q6952076,0,7,7
Q6952746,0,12,12
Q695389,37,0,37
Q695411,5,4,9
Q695417,7,1,8
Q6955,0,7,7
Q695511,4,1,5
Q695565,8,1,9
Q695829,1,0,1
Q695939,3,0,3
Q696042,43,2,45
Q696057,65,1,66
Q696062,10,0,10
Q696206,12,2,14
Q696236,10,0,10
Q696242,0,8,8
Q696246,0,5,5
Q696346,11,0,11
Q696366,11,0,11
Q696652,31,1,32
Q696855,27,0,27
Q696972,0,14,14
Q696998,2,12,14
Q697,23,3,26
Q697007,2,5,7
Q6970684,0,19,19
Q697131,16,25,41
Q697231,34,0,34
Q6974502,5,0,5
Q6978539,0,15,15
Q6978541,0,22,22
Q6979593,0,171,171
Q698033,40,0,40
Q6985,0,55,55
Q6985971,0,6,6
Q6986,17,0,17
Q698647,0,5,5
Q6989196,3,6,9
Q698951,13,2,15
Q698962,27,0,27
Q698985,2,2,4
Q699,6,9,15
Q699224,18,0,18
Q699459,0,5,5
Q699559,20,1,21
Q699684,10,0,10
Q699964,1,6,7
Q70,29,5,34
Q7003,14,1,15
Q700359,7,12,19
Q7008068,2,0,2
Q701,17,4,21
Q7010703,0,5,5
Q7010868,4,0,4
Q7012169,2,5,7
Q7013764,0,5,5
Q7015,0,9,9
Q701892,25,0,25
Q702,28,6,34
Q7020331,0,5,5
Q70208,0,6,6
Q702373,7,0,7
Q702455,4,0,4
Q702492,0,7,7
Q7026,0,23,23
Q7027841,4,1,5
Q703278,0,5,5
Q703298,0,5,5
Q7033959,11,16,27
Q703484,15,5,20
Q703524,10,0,10
Q703759,23,0,23
Q703767,26,0,26
Q703778,4,2,6
Q703897,9,0,9
Q703929,0,5,5
Q704,6,1,7
Q7041,0,42,42
Q7042855,0,118,118
Q704314,0,7,7
Q704378,0,12,12
Q704433,28,4,32
Q704553,0,4,4
Q704700,23,0,23
Q704752,0,7,7
Q7048,0,5,5
Q7048038,0,6,6
Q7049261,1,2,3
Q70495,14,0,14
Q705,11,3,14
Q70536,8,1,9
Q705477,16,3,19
Q7056,0,27,27
Q705602,0,9,9
Q705631,0,7,7
Q705644,0,7,7
Q705657,0,7,7
Q705676,0,10,10
Q705715,33,1,34
Q705737,3,10,13
Q705738,24,0,24
Q705743,16,0,16
Q7059380,0,5,5
Q706,15,0,15
Q706031,0,9,9
Q7060402,1,23,24
Q7060409,4,0,4
Q706117,10,15,25
Q706165,10,4,14
Q706219,0,6,6
Q706332,16,0,16
Q706364,3,13,16
Q706513,38,5,43
Q706586,27,0,27
Q7066,13,172,185
Q706641,17,0,17
Q706668,32,7,39
Q706858,34,0,34
Q7069,0,17,17
Q706993,16,6,22
Q707,0,5,5
Q7072015,0,8,8
Q707211,0,3,3
Q707336,11,0,11
Q7073679,0,5,5
Q7074010,0,5,5
Q707446,20,0,20
Q707496,0,5,5
Q707500,0,8,8
Q707538,14,8,22
Q707717,14,1,15
Q707759,0,9,9
Q707773,0,6,6
Q707813,0,25,25
Q7078660,0,5,5
Q7078664,0,5,5
Q707880,42,0,42
Q707986,38,0,38
Q70802,19,2,21
Q708059,0,19,19
Q708097,12,9,21
Q708135,0,21,21
Q708153,15,5,20
Q7082270,1,8,9
Q708256,15,3,18
Q708290,9,7,16
Q708492,5,1,6
Q7085,62,2,64
Q708506,19,0,19
Q708676,0,5,5
Q708801,0,7,7
Q7088045,0,6,6
Q708830,12,7,19
Q7089349,10,0,10
Q7089367,9,0,9
Q709086,0,7,7
Q709317,16,0,16
Q7094,7,3,10
Q709413,18,11,29
Q70972,6,9,15
Q70979,5,4,9
Q709857,22,0,22
Q71,21,14,35
Q710,30,4,34
Q7100024,0,11,11
Q710131,22,8,30
Q710142,0,6,6
Q710169,0,5,5
Q710180,19,17,36
Q710334,20,4,24
Q7105,0,19,19
Q710766,9,5,14
Q7108,6,0,6
Q71084,14,13,27
Q710862,19,0,19
Q71092,10,3,13
Q711,45,5,50
Q71100,5,3,8
Q711035,0,8,8
Q711054,0,6,6
Q71130,9,10,19
Q711370,0,12,12
Q711415,19,4,23
Q711561,0,5,5
Q711664,11,3,14
Q711682,8,3,11
Q7117078,0,5,5
Q711792,0,5,5
Q7118,0,9,9
Q7118960,0,6,6
Q7118978,0,10,10
Q711918,18,0,18
Q712,36,7,43
Q71202,0,6,6
Q71206,30,8,38
Q712166,0,8,8
Q71243,22,5,27
Q712437,13,11,24
Q712452,21,0,21
Q712457,13,2,15
Q712592,30,0,30
Q712647,0,10,10
Q71265,7,0,7
Q712670,0,6,6
Q71275,23,7,30
Q7127596,0,7,7
Q712827,0,6,6
Q712860,40,1,41
Q7128792,0,6,6
Q712968,18,2,20
Q713066,22,4,26
Q713099,23,2,25
Q713200,1,14,15
Q713301,22,1,23
Q713511,0,6,6
Q713750,28,39,67
Q713807,27,0,27
Q713912,10,2,12
Q714,45,10,55
Q714057,27,2,29
Q7141532,6,7,13
Q714411,17,0,17
Q714479,0,5,5
Q714610,14,3,17
Q714651,0,5,5
Q714661,0,6,6
Q714675,0,6,6
Q714717,7,5,12
Q714747,13,1,14
Q714845,24,0,24
Q714941,32,0,32
Q714989,35,0,35
Q7150,8,1,9
Q715301,0,32,32
Q7153268,0,10,10
Q715330,11,10,21
Q715519,8,0,8
Q715526,16,0,16
Q7156,0,6,6
Q715642,12,1,13
Q715679,2,0,2
Q715731,11,0,11
Q7159,10,53,63
Q716064,0,4,4
Q716069,19,1,20
Q716247,0,5,5
Q716282,0,5,5
Q7163,9,34,43
Q716343,0,6,6
Q7163534,2,0,2
Q7164,10,4,14
Q716493,13,1,14
Q7166256,4,2,6
Q7168625,4,22,26
Q716909,0,23,23
Q716936,0,8,8
Q717,2,25,27
Q717015,0,6,6
Q71707,9,2,11
Q717085,0,12,12
Q71719,5,3,8
Q7172,0,31,31
Q7174,9,4,13
Q7175583,0,7,7
Q7175853,0,5,5
Q717638,17,0,17
Q717656,0,6,6
Q7177686,0,6,6
Q7177704,0,9,9
Q717851,11,5,16
Q718,10,5,15
Q718078,18,6,24
Q718113,0,6,6
Q718135,14,11,25
Q7182737,0,12,12
Q718338,0,7,7
Q718382,0,11,11
Q7184,13,61,74
Q718524,33,1,34
Q7186850,0,5,5
Q7186863,0,6,6
Q71871,4,0,4
Q718742,0,9,9
Q718972,1,0,1
Q719,7,5,12
Q719035,15,0,15
Q7191,0,11,11
Q719120,1,1,2
Q719256,0,7,7
Q719263,0,8,8
Q719266,0,7,7
Q719326,7,0,7
Q719359,0,5,5
Q719556,0,8,8
Q7195687,0,8,8
Q719725,0,9,9
Q719827,0,8,8
Q7199,23,9,32
Q719927,2,4,6
Q7199458,7,1,8
Q72,25,11,36
Q7200,51,4,55
Q720068,0,7,7
Q720087,8,1,9
Q7204,31,28,59
Q720435,20,1,21
Q720530,0,7,7
Q720581,18,7,25
Q7207,0,15,15
Q720723,26,1,27
Q720724,26,2,28
Q720762,0,8,8
Q72077,13,5,18
Q720771,0,3,3
Q720777,1,5,6
Q72085,4,0,4
Q720959,4,2,6
Q72096,1,0,1
Q721027,13,5,18
Q7210294,4,6,10
Q721030,0,5,5
Q721134,4,2,6
Q721174,12,9,21
Q721195,0,9,9
Q7212330,8,1,9
Q721323,0,5,5
Q721417,1,7,8
Q721446,0,6,6
Q7215085,0,5,5
Q721586,0,6,6
Q721743,0,29,29
Q721897,12,5,17
Q721922,15,12,27
Q722038,12,10,22
Q722042,30,1,31
Q722115,11,2,13
Q722135,0,8,8
Q72229,15,0,15
Q7225114,3,9,12
Q722519,13,4,17
Q72259,16,5,21
Q72262,0,6,6
Q72267,28,12,40
Q722682,47,2,49
Q722694,4,1,5
Q7227384,15,9,24
Q72291,20,8,28
Q7229863,0,7,7
Q723021,0,5,5
Q723026,23,0,23
Q723027,0,5,5
Q723101,0,6,6
Q723118,0,7,7
Q7233,5,2,7
Q72334,63,3,66
Q723489,4,0,4
Q723639,0,5,5
Q723682,6,2,8
Q723685,0,1925,1925
Q723764,0,5,5
Q723788,9,0,9
Q723830,0,83,83
Q724,35,28,63
Q7240,12,1,13
Q724018,0,5,5
Q7240451,0,9,9
Q724050,17,0,17
Q7241,41,2,43
Q724144,3,0,3
Q724208,0,5,5
Q7243,61,6,67
Q7243495,0,9,9
Q7243497,0,8,8
Q7243500,0,3,3
Q7243501,0,3,3
Q7243502,0,11,11
Q7243504,0,9,9
Q7243505,0,6,6
Q7243506,0,12,12
Q7243507,0,14,14
Q7243508,0,11,11
Q7243509,0,19,19
Q7243510,0,6,6
Q7243511,0,8,8
Q7243514,0,5,5
Q7243516,0,10,10
Q7243517,0,6,6
Q724443,5,9,14
Q724455,31,0,31
Q7245,39,2,41
Q724586,0,5,5
Q724695,12,3,15
Q724759,11,20,31
Q7247941,0,27,27
Q7248009,0,5,5
Q724804,11,8,19
Q7248622,0,6,6
Q7250053,1,4,5
Q725011,7,1,8
Q725018,3,0,3
Q725026,0,8,8
Q7251,25,1,26
Q725170,0,6,6
Q725247,0,6,6
Q725261,8,0,8
Q725367,4,0,4
Q725449,0,5,5
Q725507,17,2,19
Q725519,16,5,21
Q725539,31,0,31
Q725578,45,0,45
Q725686,0,7,7
Q7256860,15,1,16
Q725773,0,5,5
Q72579,16,3,19
Q725828,17,0,17
Q725842,30,0,30
Q7258666,0,5,5
Q725867,0,5,5
Q725931,19,2,21
Q7259350,0,10,10
Q725946,36,0,36
Q725970,9,0,9
Q726,9,5,14
Q726066,3,0,3
Q726071,40,1,41
Q726080,16,0,16
Q726126,0,7,7
Q726128,20,15,35
Q726130,10,6,16
Q72614,24,6,30
Q726140,14,12,26
Q726142,23,8,31
Q726153,10,11,21
Q726154,0,5,5
Q726166,0,6,6
Q726201,8,9,17
Q726239,3,1,4
Q726251,11,54,65
Q726294,45,0,45
Q726389,0,7,7
Q726464,44,0,44
Q72652,0,14,14
Q726534,0,5,5
Q726671,11,5,16
Q726773,0,6,6
Q726776,0,6,6
Q726891,7,1,8
Q7269,0,15,15
Q726925,0,5,5
Q727,40,15,55
Q7270,5,100,105
Q727111,0,6,6
Q727147,3,0,3
Q727151,14,0,14
Q72717,36,6,42
Q7272,12,2,14
Q72720,33,1,34
Q7272285,0,5,5
Q727270,2,0,2
Q727282,0,21,21
Q727328,0,97,97
Q72749,0,6,6
Q7275,0,16,16
Q72756,14,1,15
Q727694,0,30,30
Q727730,0,5,5
Q727758,1,0,1
Q727781,3,5,8
Q7278,0,45,45
Q727815,0,9,9
Q727846,34,0,34
Q7278686,0,5,5
Q727904,19,1,20
Q72792,22,0,22
Q727928,5,4,9
Q728217,16,3,19
Q7283,2,53,55
Q728488,26,0,26
Q728553,33,1,34
Q72867,19,3,22
Q72869,26,2,28
Q728711,2,6,8
Q7288285,0,8,8
Q728960,0,7,7
Q729,15,1,16
Q729006,8,1,9
Q7291,6,7,13
Q72911,18,0,18
Q729210,0,11,11
Q72936141,0,5,5
Q7294,45,0,45
Q7295163,0,8,8
Q729560,4,0,4
Q729572,11,7,18
Q729590,2,4,6
Q729618,0,7,7
Q7297161,0,6,6
Q729782,34,1,35
Q729788,46,0,46
Q729794,42,0,42
Q72984,44,6,50
Q7299451,7,1,8
Q729982,14,2,16
Q729991,31,0,31
Q730,37,6,43
Q730038,0,5,5
Q73007,22,7,29
Q730179,0,14,14
Q7302,51,0,51
Q73035,18,3,21
Q7304367,0,6,6
Q730491,3,1,4
Q730706,0,5,5
Q73079,6,0,6
Q73089,40,5,45
Q73094,7,1,8
Q731,13,0,13
Q7310,4,1,5
Q731015,0,5,5
Q731082,28,0,28
Q731187,20,6,26
Q7312,32,0,32
Q731310,33,1,34
Q731316,15,1,16
Q731335,27,0,27
Q73136,23,7,30
Q7314,50,1,51
Q731437,0,31,31
Q7315,0,5,5
Q731628,0,5,5
Q731692,0,7,7
Q7317,40,1,41
Q731721,8,3,11
Q7317272,2,2,4
Q731734,12,0,12
Q7318,8,78,86
Q731824,5,0,5
Q7320,7,4,11
Q732002,4,1,5
Q732022,31,1,32
Q732063,18,5,23
Q7321724,0,12,12
Q7322,25,8,33
Q7322354,0,5,5
Q732397,25,4,29
Q732416,15,2,17
Q7325,26,60,86
Q732503,10,4,14
Q732661,32,2,34
Q732733,5,0,5
Q732858,0,10,10
Q732960,29,0,29
Q732997,0,29,29
Q733,45,10,55
Q733047,3,0,3
Q73306227,0,11,11
Q733122,0,8,8
Q733498,4,2,6
Q733570,42,0,42
Q73357989,0,42,42
Q73362,14,7,21
Q733627,49,0,49
Q733677,37,1,38
Q733776,9,8,17
Q7338137,0,6,6
Q733995,27,1,28
Q734,36,11,47
Q734036,36,27,63
Q73416,16,5,21
Q7342763,10,0,10
Q734335,10,6,16
Q73437,22,0,22
Q734401,4,2,6
Q7344476,0,6,6
Q7345011,5,0,5
Q7346,40,1,41
Q734663,7,4,11
Q7346850,0,6,6
Q734764,10,3,13
Q734774,11,1,12
Q7349,35,2,37
Q7349017,0,5,5
Q734950,37,0,37
Q734958,0,58,58
Q734974,5,2,7
Q735,15,8,23
Q7351,35,0,35
Q735440,0,14,14
Q7358,9,2,11
Q736,50,11,61
Q73612,0,8,8
Q7361618,0,11,11
Q73622,22,4,26
Q7363645,0,6,6
Q736464,3,11,14
Q736466,0,9,9
Q736559,5,2,7
Q7366,0,5,5
Q736674,25,6,31
Q736742,5,5,10
Q736834,5,2,7
Q736937,3,0,3
Q736969,34,0,34
Q737055,31,0,31
Q737065,29,0,29
Q7371,43,3,46
Q737183,18,1,19
Q7372092,0,5,5
Q737369,0,8,8
Q7374,53,50,103
Q7376523,0,7,7
Q737753,7,1,8
Q737835,5,1,6
Q737936,4,0,4
Q737947,4,0,4
Q73801,8,7,15
Q738052,22,0,22
Q738126,1,6,7
Q738135,6,1,7
Q738152,34,0,34
Q738236,12,0,12
Q738258,16,19,35
Q738395,0,7,7
Q738410,11,0,11
Q738504,1,7,8
Q738544,17,0,17
Q7389502,0,11,11
Q738952,0,6,6
Q739,55,19,74
Q739004,0,6,6
Q739105,15,0,15
Q739138,3,9,12
Q73930,0,5,5
Q739498,34,0,34
Q739499,0,8,8
Q739502,42,0,42
Q739552,4,4,8
Q739627,25,7,32
Q739633,4,34,38
Q73965,4,2,6
Q739694,38,28,66
Q7397,69,3,72
Q739711,12,2,14
Q739780,23,0,23
Q739937,0,8,8
Q740071,20,5,25
Q740143,32,1,33
Q740202,0,10,10
Q740308,1,26,27
Q74032,15,0,15
Q740425,7,1,8
Q740489,33,0,33
Q740511,0,4,4
Q740528,32,0,32
Q7406919,1,8,9
Q740911,4,0,4
Q740968,5,9,14
Q741082,10,0,10
Q7411,16,50,66
Q7413643,0,8,8
Q7413874,0,6,6
Q7414,23,62,85
Q7414915,0,5,5
Q741555,0,8,8
Q7416,41,2,43
Q741661,13,0,13
Q7417921,0,10,10
Q741823,78,1,79
Q74195,4,6,10
Q7419795,0,10,10
Q74227,0,6,6
Q7426020,0,6,6
Q742614,25,0,25
Q742625,5,1,6
Q74267946,0,7,7
Q742787,1,4,5
Q7429093,8,0,8
Q743122,0,5,5
Q7432,1,4,5
Q7432601,6,3,9
Q7432967,3,0,3
Q743309,4,1,5
Q743388,0,5,5
Q74343,8,0,8
Q743521,9,2,11
Q743535,12,8,20
Q743659,1,2,3
Q7437329,0,6,6
Q743738,6,0,6
Q743769,0,9,9
Q743812,4,75,79
Q7439304,0,5,5
Q7439305,0,5,5
Q743934,5,6,11
Q743945,0,23,23
Q744002,0,5,5
Q744144,0,6,6
Q744417,3,1,4
Q7444356,0,14,14
Q744530,3,1,4
Q744800,7,5,12
Q744913,0,12,12
Q744948,7,7,14
Q745120,7,2,9
Q745246,3,0,3
Q745456,0,5,5
Q74548,21,0,21
Q745594,11,4,15
Q7458189,0,6,6
Q745967,9,6,15
Q745984,0,5,5
Q746029,29,0,29
Q746038,0,1,1
Q746153,10,0,10
Q7462725,0,5,5
Q746359,0,27,27
Q746574,27,1,28
Q746592,8,2,10
Q746647,2,1,3
Q746718,10,4,14
Q746733,47,0,47
Q746756,3,1,4
Q746820,8,1,9
Q747053,6,0,6
Q747074,0,33,33
Q747179,7,1,8
Q747279,0,44,44
Q7473516,1,17,18
Q747466,4,1,5
Q747496,34,0,34
Q747509,4,0,4
Q747570,32,2,34
Q747599,7,4,11
Q747717,3,3,6
Q747802,3,0,3
Q747891,0,7,7
Q747902,5,8,13
Q748,15,63,78
Q748006,10,0,10
Q748018,0,6,6
Q748106,7,2,9
Q748149,0,10,10
Q748205,16,0,16
Q7482626,11,8,19
Q7482779,13,10,23
Q748294,3,0,3
Q748474,6,3,9
Q748780,2,0,2
Q74881,10,3,13
Q748836,8,0,8
Q748851,24,0,24
Q748888,0,6,6
Q7489431,6,0,6
Q748986,56,1,57
Q749,16,5,21
Q74958,38,0,38
Q749629,8,0,8
Q749661,22,0,22
Q7498688,9,2,11
Q749988,20,0,20
Q750,43,12,55
Q750077,39,1,40
Q750117,34,0,34
Q7502207,0,14,14
Q7503319,2,3,5
Q750401,0,10,10
Q750434,3,0,3
Q750437,2,0,2
Q750553,1,5,6
Q750718,8,14,22
Q75079,14,15,29
Q750927,7,0,7
Q750950,4,1,5
Q751275,0,7,7
Q751341,26,0,26
Q751382,37,0,37
Q7516,14,4,18
Q751612,3,4,7
Q751805,41,3,44
Q751921,23,1,24
Q751924,7,1,8
Q752,13,2,15
Q752017,29,0,29
Q752129,0,5,5
Q752313,43,0,43
Q752317,6,0,6
Q752321,0,6,6
Q752365,11,0,11
Q752483,3,0,3
Q752507,0,7,7
Q752541,18,0,18
Q752663,13,0,13
Q752762,5,0,5
Q752989,40,0,40
Q753,21,1,22
Q753072,3,2,5
Q753110,4,422,426
Q753167,8,1,9
Q753517,24,0,24
Q753520,4,4,8
Q7535711,8,0,8
Q753679,3,27,30
Q753830,8,0,8
Q753899,41,0,41
Q753930,5,1,6
Q754,46,13,59
Q754094,16,0,16
Q7542,72,10,82
Q754271,8,2,10
Q754307,3,0,3
Q7546,36,7,43
Q754635,5,6,11
Q754655,0,5,5
Q75478,9,2,11
Q754803,4,3,7
Q754841,0,18,18
Q754848,4,0,4
Q754868,10,1,11
Q755171,39,0,39
Q7552552,0,16,16
Q755403,6,1,7
Q755559,10,1,11
Q755566,6,0,6
Q755615,3,4,7
Q755741,8,6,14
Q755844,0,5,5
Q7561043,28,0,28
Q756203,4,0,4
Q75622,14,6,20
Q756238,27,1,28
Q7562453,0,9,9
Q756320,7,0,7
Q756329,32,0,32
Q756355,0,17,17
Q7564354,0,2,2
Q7564363,0,4,4
Q756563,9,1,10
Q756617,0,18,18
Q7566644,7,0,7
Q75684,3,0,3
Q756849,27,0,27
Q756882,39,0,39
Q7569445,0,5,5
Q756956,5,3,8
Q757,39,6,45
Q757143,3,1,4
Q7572461,0,5,5
Q757250,0,5,5
Q757253,4,0,4
Q75729,9,2,11
Q757320,5,0,5
Q7574756,5,0,5
Q7575916,10,0,10
Q757754,5,0,5
Q757865,26,0,26
Q758,15,0,15
Q75809,16,36,52
Q7585305,0,19,19
Q758634,1,1,2
Q7586750,0,6,6
Q7589655,0,13,13
Q759,35,17,52
Q759448,35,1,36
Q759482,6,0,6
Q76,59,3,62
Q760,48,6,54
Q7600659,4,0,4
Q760093,32,0,32
Q7604,59,1,60
Q7607037,0,27,27
Q760805,0,5,5
Q76092,3,20,23
Q760967,7,2,9
Q7610883,11,9,20
Q7612676,12,10,22
Q761302,36,2,38
Q761309,4,2,6
Q7614320,2,1,3
Q761469,0,21,21
Q761534,25,12,37
Q761697,0,6,6
Q762266,14,9,23
Q762294,3,0,3
Q76239,8,0,8
Q762558,11,0,11
Q762649,25,0,25
Q7628112,0,7,7
Q762877,19,0,19
Q762943,0,8,8
Q763,41,6,47
Q763052,3,0,3
Q76364,38,22,60
Q76409,29,0,29
Q76473,17,2,19
Q764754,7,3,10
Q76478,37,19,56
Q7650000,0,5,5
Q7650980,0,5,5
Q76514543,0,12,12
Q765165,0,6,6
Q765404,19,12,31
Q765633,9,41,50
Q765642,6,1,7
Q765778,7,9,16
Q7659771,1,5,6
Q766,49,32,81
Q76609347,0,26,26
Q76612397,0,8,8
Q766145,27,9,36
Q766445,9,1,10
Q7669610,0,17,17
Q7669614,0,15,15
Q7669617,0,6,6
Q7669620,0,18,18
Q7669624,0,16,16
Q7669628,0,11,11
Q76711,12,2,14
Q76717,12,2,14
Q767221,4,2,6
Q7673679,0,12,12
Q767485,7,17,24
Q767643,19,0,19
Q767751,22,0,22
Q767920,3,1,4
Q767938,0,5,5
Q76819,28,12,40
Q768253,4,1,5
Q76846862,2,9,11
Q768476,0,7,7
Q76877,0,9,9
Q76895,23,3,26
Q769,40,8,48
Q7691246,5,1,6
Q769347,35,0,35
Q769446,4,10,14
Q769603,0,8,8
Q769628,0,7,7
Q7696954,0,7,7
Q7696995,3,8,11
Q769868,0,5,5
Q77,46,10,56
Q770,15,3,18
Q770000,33,0,33
Q770103,5,15,20
Q77035,14,9,23
Q770467,7,4,11
Q770544,12,0,12
Q7707,8,5,13
Q770740,3,0,3
Q770741,23,0,23
Q770965,53,0,53
Q771,41,51,92
Q771104,0,6,6
Q77112,59,1,60
Q771405,1,6,7
Q77144,32,0,32
Q771761,4,0,4
Q7718,3,0,3
Q772,9,2,11
Q7720229,0,7,7
Q772148,3,1,4
Q7721887,0,13,13
Q7724,43,3,46
Q772451,24,0,24
Q772494,9,4,13
Q772547,0,5,5
Q77298,16,11,27
Q773,9,4,13
Q773325,7,3,10
Q7735,5,3,8
Q7736023,1,4,5
Q7737,27,119,146
Q773853,3,8,11
Q7739610,0,15,15
Q7739685,0,5,5
Q774,43,10,53
Q774093,0,26,26
Q77412,16,0,16
Q774270,11,1,12
Q774489,7,1,8
Q774576,0,6,6
Q7746316,23,0,23
Q774682,5,2,7
Q7748,1,9,10
Q7749,3,40,43
Q775,15,6,21
Q7752106,0,6,6
Q775344,2,9,11
Q7754,1,5,6
Q775570,1,0,1
Q775614,10,0,10
Q77588,0,5,5
Q7758837,0,5,5
Q77590,5,0,5
Q775970,31,0,31
Q776,11,4,15
Q7768,0,13,13
Q776807,4,2,6
Q7768229,0,5,5
Q7768608,0,4,4
Q776930,6,1,7
Q777063,5,1,6
Q777403,17,7,24
Q777704,5,0,5
Q7777573,0,12,12
Q7779,1,11,12
Q777921,0,90,90
Q778,46,26,72
Q7781991,0,5,5
Q778412,5,5,10
Q7785,6,62,68
Q77855044,0,16,16
Q778575,1,9,10
Q778585,0,6,6
Q778673,4,8,12
Q778792,0,5,5
Q778812,0,5,5
Q778870,0,8,8
Q779,31,54,85
Q7791257,0,5,5
Q779151,19,9,28
Q7791601,0,9,9
Q779191,3,2,5
Q7795,0,15,15
Q779658,35,0,35
Q779815,3,2,5
Q78,22,7,29
Q780,8,1,9
Q780197,27,0,27
Q7802,13,1,14
Q7803649,0,11,11
Q7804,1,7,8
Q780469,31,1,32
Q780528,8,0,8
Q780745,5,4,9
Q7808398,11,0,11
Q7809,1,192,193
Q780951,34,0,34
Q780981,26,0,26
Q781,41,7,48
Q7810384,42,2,44
Q781132,1,2,3
Q781165,0,5,5
Q781365,11,2,13
Q781486,2,0,2
Q781608,31,2,33
Q781634,26,1,27
Q7816353,7,0,7
Q7817,1,186,187
Q7817415,8,4,12
Q782,19,30,49
Q7820700,0,9,9
Q7821794,0,9,9
Q782204,0,6,6
Q7825,8,152,160
Q7826358,0,5,5
Q782658,4,1,5
Q782822,34,0,34
Q782942,0,39,39
Q783,42,7,49
Q7830213,0,5,5
Q783097,4,1,5
Q7831165,0,5,5
Q783330,4,1,5
Q783369,0,6,6
Q783401,4,0,4
Q7835,16,2,18
Q783794,0,6,6
Q7838,11,14,25
Q784,41,7,48
Q784009,0,8,8
Q7840758,0,6,6
Q7842,14,0,14
Q784444,41,0,41
Q784589,3,3,6
Q784965,4,0,4
Q785,19,7,26
Q7850,5,46,51
Q78505,29,3,32
Q785087,31,0,31
Q785351,33,0,33
Q785357,6,4,10
Q7854914,0,5,5
Q785709,23,0,23
Q786,47,8,55
Q7860,6,0,6
Q786003,0,5,5
Q786019,30,0,30
Q7864046,0,15,15
Q786562,43,0,43
Q786594,17,0,17
Q7866352,0,11,11
Q7867,5,16,21
Q786720,0,5,5
Q787065,0,4,4
Q787089,0,5,5
Q787098,24,34,58
Q787104,0,6,6
Q787123,44,45,89
Q787127,12,23,35
Q787131,42,57,99
Q787145,36,27,63
Q787148,63,45,108
Q787207,5,1,6
Q7873,13,0,13
Q787674,3,0,3
Q7879772,1,5,6
Q7880,14,1,15
Q788586,0,7,7
Q7886981,0,27,27
Q7889,22,3,25
Q788926,0,18,18
Q7894738,0,10,10
Q7895798,3,0,3
Q7895938,0,7,7
Q7896088,4,0,4
Q7896446,4,1,5
Q7896545,5,3,8
Q7897276,0,86,86
Q789769,0,10,10
Q78987,3,17,20
Q789915,14,0,14
Q78994,7,9,16
Q79,66,39,105
Q790,39,13,52
Q790101,5,0,5
Q79015,0,9,9
Q790188,4,6,10
Q790192,3,1,4
Q79025,47,1,48
Q7903,9,3,12
Q79031,0,5,5
Q79037,15,7,22
Q790756,0,5,5
Q790767,0,5,5
Q791135,0,6,6
Q7913,13,23,36
Q7914158,0,5,5
Q791651,29,0,29
Q7918,18,11,29
Q792,39,9,48
Q79202,16,85,101
Q7926158,10,0,10
Q792976,11,0,11
Q7930989,0,9,9
Q7931752,0,5,5
Q7931801,0,5,5
Q793241,4,1,5
Q7934,23,2,25
Q793585,0,6,6
Q79389,7,0,7
Q794,48,36,84
Q7942,1,0,1
Q79438,5,0,5
Q794691,1,0,1
Q794699,0,8,8
Q79474,6,1,7
Q795022,12,2,14
Q795025,0,10,10
Q79503,38,0,38
Q795158,0,6,6
Q79519,3,0,3
Q79535,8,0,8
Q795427,0,5,5
Q79576,0,13,13
Q79580,5,5,10
Q795985,0,7,7
Q795988,16,0,16
Q796,42,26,68
Q796316,0,10,10
Q79638,6,0,6
Q7968572,6,0,6
Q797,30,6,36
Q7970362,3,4,7
Q797078,5,76,81
Q7971630,0,5,5
Q7971807,0,7,7
Q7971822,0,6,6
Q797242,52,0,52
Q79728,3,1,4
Q79743,5,0,5
Q797446,3,0,3
Q79750,3,0,3
Q797530,3,0,3
Q79759,31,5,36
Q7976,6,100,106
Q7976751,0,8,8
Q79784,64,3,67
Q797846,6,0,6
Q797892,5,2,7
Q797897,4,0,4
Q7979,1,19,20
Q79797,7,3,10
Q79800,24,4,28
Q798129,2,0,2
Q798132,3,0,3
Q798137,3,0,3
Q79820,7,0,7
Q79838,9,16,25
Q79842,6,3,9
Q79848,13,7,20
Q798487,3,0,3
Q79854,11,4,15
Q79859,1,43,44
Q79860,7,2,9
Q798658,11,3,14
Q79867,11,10,21
Q798737,36,0,36
Q79875,19,3,22
Q7987530,2,0,2
Q798768,0,6,6
Q798797,28,0,28
Q798830,3,0,3
Q79892,6,2,8
Q79904,15,4,19
Q7991,1,9,10
Q79911,7,11,18
Q79924,6,3,9
Q79931,6,2,8
Q79934,9,0,9
Q79941,8,1,9
Q7994501,4,4,8
Q79980,14,4,18
Q79990,11,0,11
Q800,37,10,47
Q80006,0,6,6
Q80011,6,4,10
Q80012,10,0,10
Q80019,8,16,24
Q80024,0,12,12
Q80041,5,0,5
Q80044,39,0,39
Q80046,24,22,46
Q80053,13,0,13
Q8006,47,8,55
Q80061,6,3,9
Q80069,19,5,24
Q8007,34,5,39
Q80079,0,10,10
Q8008,0,6,6
Q8008661,0,21,21
Q801,52,57,109
Q8011,45,2,47
Q8012895,6,0,6
Q8012898,6,0,6
Q80131,0,17,17
Q80135,60,0,60
Q8016,67,8,75
Q8016302,2,4,6
Q8018,39,4,43
Q8019110,10,1,11
Q80204,42,0,42
Q8023,38,4,42
Q8025128,1,11,12
Q8025998,0,19,19
Q8027,38,5,43
Q80284,8,7,15
Q803,15,6,21
Q8030863,0,7,7
Q80309,13,4,17
Q8031191,0,7,7
Q8031439,0,5,5
Q8031780,11,0,11
Q80330,6,7,13
Q8035703,6,0,6
Q8035829,0,8,8
Q8036239,0,5,5
Q803769,0,5,5
Q8038458,0,18,18
Q8038459,0,169,169
Q8038461,0,23,23
Q8038464,0,6,6
Q8038466,0,12,12
Q8038467,0,6,6
Q8038469,0,4,4
Q8038470,0,8,8
Q8038500,4,0,4
Q804,47,13,60
Q80405,34,32,66
Q80424,38,0,38
Q80434,5,6,11
Q8043977,0,40,40
Q804429,10,0,10
Q804434,15,0,15
Q8047423,1,28,29
Q80484,12,1,13
Q805,40,3,43
Q805122,9,1,10
Q80517,14,5,19
Q805221,3,10,13
Q80524,3,4,7
Q805285,8,9,17
Q80531,0,7,7
Q8054,5,1,6
Q8057887,0,15,15
Q80596,50,4,54
Q8060,13,2,15
Q806116,5,0,5
Q806231,8,1,9
Q806259,10,5,15
Q806349,5,32,37
Q8066,1,5,6
Q807,17,2,19
Q80702,19,9,28
Q80708332,0,8,8
Q8072,10,1,11
Q80739,38,14,52
Q80760,17,2,19
Q8078,14,8,22
Q80782,0,6,6
Q808,7,0,7
Q8080,3,2,5
Q808218,2,4,6
Q80823,0,5,5
Q80837,0,25,25
Q80845,6,0,6
Q808487,10,0,10
Q808535,0,6,6
Q8088,4,2,6
Q80882,10,0,10
Q808917,0,5,5
Q808967,5,3,8
Q809,7,30,37
Q809029,0,7,7
Q809066,0,5,5
Q809074,0,10,10
Q809080,0,5,5
Q809099,0,7,7
Q8093,17,5,22
Q80930,5,8,13
Q80938,27,23,50
Q80955,5,1,6
Q80958,12,0,12
Q80964,10,0,10
Q80966,37,33,70
Q8097,13,36,49
Q80976,0,5,5
Q80978,11,5,16
Q8098,4,1,5
Q80987,17,1,18
Q80989,5,0,5
Q809892,3,2,5
Q80993,7,2,9
Q81,4,1,5
Q810,43,11,54
Q810012,30,0,30
Q810028,0,7,7
Q810196,8,2,10
Q81033,11,2,13
Q81044,19,0,19
Q810447,1,33,34
Q81052,4,0,4
Q810771,12,3,15
Q810783,4,0,4
Q8108,0,5,5
Q81087,6,5,11
Q81090,6,1,7
Q81096,1,28,29
Q810998,6,2,8
Q811,41,7,48
Q811023,34,0,34
Q8111,5,2,7
Q81153,7,3,10
Q811595,5,0,5
Q81162,7,8,15
Q81170,7,0,7
Q81173,7,5,12
Q81174,11,1,12
Q8118,4,1,5
Q81180,0,31,31
Q812,53,99,152
Q812155,0,15,15
Q812378,0,7,7
Q81244,55,1,56
Q812573,19,2,21
Q812589,10,5,15
Q812720,3,0,3
Q812767,10,1,11
Q8128,19,1,20
Q812893,0,6,6
Q81299,0,55,55
Q813,0,6,6
Q8132,3,2,5
Q81328,22,19,41
Q813376,3,2,5
Q8134,16,13,29
Q8138,4,2,6
Q814065,14,0,14
Q8142,0,7,7
Q8143,5,2,7
Q814343,16,0,16
Q81438,37,1,38
Q81447,28,3,31
Q8146,6,4,10
Q81464,0,24,24
Q814738,4,0,4
Q814771,28,0,28
Q814790,37,0,37
Q81489,0,5,5
Q8150,5,1,6
Q81520,28,12,40
Q815352,9,23,32
Q815432,11,3,14
Q815436,2,3,5
Q81545,2,1,3
Q815606,14,0,14
Q815681,29,0,29
Q815731,0,5,5
Q815825,3,0,3
Q815837,0,5,5
Q815890,5,3,8
Q815979,0,5,5
Q816,45,95,140
Q81602,0,7,7
Q8162,10,7,17
Q816456,19,5,24
Q8165,0,8,8
Q816605,22,5,27
Q816706,0,14,14
Q816772,32,0,32
Q816843,0,7,7
Q817,43,9,52
Q817138,3,25,28
Q817159,29,1,30
Q81725,11,2,13
Q817496,4,2,6
Q8178443,0,52,52
Q817902,3,7,10
Q81799,1,0,1
Q81819,0,11,11
Q81824,7,3,10
Q8187769,1,11,12
Q81888,7,1,8
Q819,35,8,43
Q819016,32,2,34
Q81931,38,5,43
Q81945,2,0,2
Q81949,7,2,9
Q81965,12,3,15
Q819694,7,0,7
Q81982,9,8,17
Q819973,0,9,9
Q820046,10,5,15
Q820477,3,1,4
Q82049,0,5,5
Q82083,32,5,37
Q820984,0,8,8
Q821010,0,7,7
Q82104,20,13,33
Q82110,31,1,32
Q821105,8,3,11
Q82111,4,1,5
Q82112,7,2,9
Q821456,0,10,10
Q82151,1,7,8
Q821542,0,33,33
Q821692,40,0,40
Q821717,0,14,14
Q821861,0,8,8
Q822,45,21,66
Q822021,4,0,4
Q822057,34,0,34
Q822146,4,107,111
Q82222,39,4,43
Q822314,9,33,42
Q82238,25,0,25
Q822722,5,0,5
Q822780,0,9,9
Q822907,0,69,69
Q822914,5,0,5
Q822930,33,0,33
Q822946,23,0,23
Q823080,6,2,8
Q82330,0,5,5
Q823384,3,0,3
Q823422,3,190,193
Q823428,0,33,33
Q82352,26,0,26
Q823600,8,3,11
Q82367,6,1,7
Q823917,14,0,14
Q824,39,26,65
Q824133,43,0,43
Q82414,0,16,16
Q824192,33,1,34
Q8242,16,33,49
Q824389,34,0,34
Q824450,2,0,2
Q8246794,0,43,43
Q82499,5,1,6
Q82505,7,3,10
Q82513,6,3,9
Q8253,5,6,11
Q8253972,0,11,11
Q82545,0,9,9
Q825769,4,0,4
Q825807,4,3,7
Q825838,5,0,5
Q82594,3,5,8
Q825946,11,0,11
Q826,33,3,36
Q82606,6,0,6
Q8261,9,34,43
Q826494,55,3,58
Q826535,12,2,14
Q826561,10,0,10
Q826700,1,26,27
Q826751,5,2,7
Q826977,5,0,5
Q82708,9,13,22
Q82729,11,1,12
Q827443,0,6,6
Q827525,1,165,166
Q827589,4,0,4
Q8277,9,2,11
Q82786,21,5,26
Q82794,0,25,25
Q828,1,15,16
Q828305,4,1,5
Q828547,42,0,42
Q828753,4,0,4
Q829,42,40,82
Q82925,33,6,39
Q82949,34,0,34
Q82955,3,177,180
Q829683,0,5,5
Q829695,40,1,41
Q8298,29,0,29
Q829895,1,0,1
Q830079,3,305,308
Q830208,34,0,34
Q830215,11,3,14
Q830295,26,1,27
Q830324,38,0,38
Q830325,4,0,4
Q830376,31,0,31
Q83042,0,12,12
Q83055,9,8,17
Q830553,41,0,41
Q830586,0,5,5
Q83059,47,5,52
Q83065,13,10,23
Q83071,55,2,57
Q830874,21,0,21
Q8311,2,1,3
Q8312,0,8,8
Q8313,1,1,2
Q831354,3,7,10
Q831536,15,4,19
Q83158,40,2,42
Q83162,3,2,5
Q83164,11,4,15
Q831663,0,6,6
Q831698,1,9,10
Q8317,2,1,3
Q83172,0,9,9
Q831800,39,0,39
Q83187,20,1,21
Q83201,0,6,6
Q832086,5,3,8
Q832190,55,0,55
Q832456,45,0,45
Q832487,22,0,22
Q83250768,0,5,5
Q832515,31,0,31
Q83259,0,5,5
Q83267,0,5,5
Q83270,4,98,102
Q83273,8,3,11
Q832732,42,0,42
Q83279,14,3,17
Q83286,22,19,41
Q83287,41,5,46
Q833,55,34,89
Q83307,3,2,5
Q833154,0,41,41
Q833163,0,68,68
Q83317,8,1,9
Q833180,37,0,37
Q83319,12,5,17
Q83325,29,4,33
Q8333,0,6,6
Q83338,77,27,104
Q833633,5,21,26
Q83364,5,3,8
Q8338,7,28,35
Q83396,33,2,35
Q834,17,5,22
Q83401,28,0,28
Q8341,5,168,173
Q83410,26,3,29
Q834165,46,0,46
Q8343,10,16,26
Q83431,11,3,14
Q834338,10,3,13
Q83440,10,133,143
Q8345,5,2,7
Q83459,27,10,37
Q83460,10,0,10
Q834621,38,1,39
Q83468,11,1,12
Q8347,10,4,14
Q83484,25,7,32
Q83492,30,20,50
Q83495,52,2,54
Q8350,8,10,18
Q83542,47,0,47
Q8355,11,36,47
Q835831,8,8,16
Q835835,6,0,6
Q83588,4,0,4
Q835891,4,11,15
Q836,53,10,63
Q8361,3,2,5
Q83656,39,0,39
Q836622,39,1,40
Q836663,7,2,9
Q836752,9,0,9
Q83677,0,6,6
Q836821,39,0,39
Q837,62,11,73
Q8371,8,19,27
Q837164,13,3,16
Q837171,4,8,12
Q8372,8,1,9
Q83726,6,1,7
Q837264,42,1,43
Q83733,0,5,5
Q837343,0,4,4
Q837389,3,2,5
Q83739,39,0,39
Q837420,0,6,6
Q837676,17,3,20
Q8377,8,9,17
Q837704,3,0,3
Q837837,4,14,18
Q83786,8,4,12
Q83789,25,0,25
Q837956,4,0,4
Q838112,9,1,10
Q838116,0,5,5
Q83812,25,3,28
Q838121,2,65,67
Q83813,18,6,24
Q838261,0,5,5
Q838330,0,17,17
Q838368,3,150,153
Q838381,27,0,27
Q838508,15,1,16
Q838544,7,0,7
Q83859,15,3,18
Q838781,3,0,3
Q838791,5,3,8
Q8388,6,0,6
Q838948,1,5,6
Q839042,70,0,70
Q83906,16,0,16
Q839078,5,2,7
Q839123,32,0,32
Q839133,35,0,35
Q839434,27,1,28
Q83958,15,3,18
Q839596,36,0,36
Q839805,3,0,3
Q839997,5,1,6
Q84,45,557,602
Q84000,0,7,7
Q840065,2,4,6
Q84020,0,7,7
Q840286,35,22,57
Q8403,4,2,6
Q840437,0,13,13
Q840495,41,0,41
Q840668,4,14,18
Q8407,4,1,5
Q8408,4,1,5
Q840872,42,0,42
Q8409,33,5,38
Q841045,3,0,3
Q841090,4,3,7
Q8411,5,2,7
Q841118,29,0,29
Q841180,5,0,5
Q841203,31,0,31
Q8415,4,1,5
Q84151,20,0,20
Q841515,35,0,35
Q8416,4,1,5
Q841779,2,0,2
Q841781,36,0,36
Q8418,7,10,17
Q841979,8,1,9
Q84199,39,5,44
Q842,46,9,55
Q8420,4,3,7
Q842073,33,0,33
Q842112,0,6,6
Q842256,2,154,156
Q842284,3,6,9
Q842324,4,10,14
Q84233,23,1,24
Q842438,0,16,16
Q842490,0,184,184
Q842585,8,0,8
Q84263196,0,6,6
Q842782,2,2,4
Q8428,5,0,5
Q8429,4,2,6
Q842909,22,3,25
Q843,65,38,103
Q84314566,0,10,10
Q843219,6,39,45
Q8434,14,7,21
Q843402,3,127,130
Q843552,15,0,15
Q843589,0,8,8
Q8436,0,12,12
Q8438,6,4,10
Q843909,1,0,1
Q843949,25,0,25
Q843950,33,0,33
Q844,7,8,15
Q844012,7,2,9
Q844273,0,20,20
Q8444,8,2,10
Q844497,33,1,34
Q8445,15,9,24
Q844569,0,5,5
Q844580,0,22,22
Q8446,28,1,29
Q844673,8,2,10
Q844804,0,13,13
Q844819,35,0,35
Q844822,8,1,9
Q844837,3,12,15
Q844908,4,2,6
Q844924,1,2,3
Q844972,7,10,17
Q844999,6,3,9
Q8450,5,2,7
Q845015,5,6,11
Q845043,4,0,4
Q845047,5,0,5
Q845057,47,1,48
Q845137,4,0,4
Q845149,0,8,8
Q845188,0,8,8
Q8454,14,21,35
Q8456,9,3,12
Q845619,9,3,12
Q845768,5,0,5
Q8458,4,2,6
Q845859,4,0,4
Q846,37,9,46
Q846040,0,5,5
Q846088,25,0,25
Q8461,4,8,12
Q846101,6,4,10
Q846119,0,11,11
Q846173,8,0,8
Q846183,6,0,6
Q8463,14,7,21
Q846373,27,1,28
Q846421,6,9,15
Q846426,0,6,6
Q8465,0,8,8
Q846544,4,22,26
Q846570,0,30,30
Q8466,5,0,5
Q846662,3,3,6
Q846750,4,0,4
Q847,12,27,39
Q8470,4,2,6
Q847017,0,35,35
Q847018,11,6,17
Q847054,24,2,26
Q847124,17,3,20
Q847133,10,0,10
Q847142,5,118,123
Q847366,11,5,16
Q8475,0,194,194
Q847596,6,4,10
Q8476,4,2,6
Q847646,41,1,42
Q847701,2,0,2
Q847739,0,6,6
Q847813,25,12,37
Q847940,21,0,21
Q847956,2,1,3
Q848103,4,1,5
Q848117,5,0,5
Q848388,37,1,38
Q848399,0,11,11
Q848613,0,5,5
Q848642,3,0,3
Q848785,36,0,36
Q8488,4,6,10
Q848977,8,0,8
Q849124,38,58,96
Q849158,4,1,5
Q849343,39,1,40
Q849363,0,22,22
Q849435,3,4,7
Q849475,29,1,30
Q8495,14,2,16
Q849619,3,4,7
Q849627,9,2,11
Q849628,16,1,17
Q849656,42,0,42
Q849680,2,14,16
Q849751,19,5,24
Q849771,0,7,7
Q849784,0,6,6
Q849823,3,0,3
Q849866,0,5,5
Q849949,4,0,4
Q849950,3,1,4
Q85,22,6,28
Q850170,0,7,7
Q8502,8,3,11
Q850290,9,1,10
Q850385,19,2,21
Q850412,4,95,99
Q850522,32,0,32
Q850730,13,0,13
Q850927,0,6,6
Q851,53,16,69
Q851095,25,0,25
Q851184,7,0,7
Q851213,0,29,29
Q85133165,0,29,29
Q85165982,0,6,6
Q85166022,0,4,4
Q852033,4,3,7
Q852071,1,6,7
Q852297,0,7,7
Q852435,8,5,13
Q852645,3,1,4
Q852660,0,7,7
Q852673,9,3,12
Q852684,6,5,11
Q852729,5,3,8
Q852767,3,8,11
Q852900,8,0,8
Q8531,6,5,11
Q853552,4,1,5
Q853630,2,18,20
Q853873,0,5,5
Q8539,63,1,64
Q854,44,20,64
Q854168,0,10,10
Q854215,0,10,10
Q854323,5,8,13
Q8544,4,15,19
Q854451,1,4,5
Q854844,1,0,1
Q854890,5,0,5
Q855,51,6,57
Q855091,4,331,335
Q8555,0,9,9
Q8558,5,16,21
Q855974,0,5,5
Q8560269,0,9,9
Q85631896,0,7,7
Q85635630,0,8,8
Q8567,4,23,27
Q856805,31,0,31
Q856841,5,1,6
Q856860,4,0,4
Q856872,0,7,7
Q857001,6,1,7
Q857047,6,1,7
Q85707,10,0,10
Q85743121,0,8,8
Q85754272,0,10,10
Q8575586,1,5,6
Q8577,5,24,29
Q857880,0,5,5
Q857933,0,62,62
Q858,53,12,65
Q858082,4,1,5
Q858388,12,3,15
Q858467,41,2,43
Q858579,3,2,5
Q8586,11,1,12
Q858724,35,0,35
Q858729,6,1,7
Q858778,7,1,8
Q858840,56,1,57
Q858851,0,21,21
Q859,42,21,63
Q859050,20,0,20
Q859363,9,2,11
Q859369,4,194,198
Q859448,25,0,25
Q859563,0,7,7
Q86,8,6,14
Q8603,4,0,4
Q860450,4,4,8
Q860479,36,0,36
Q860527,17,10,27
Q860580,0,5,5
Q860626,2,201,203
Q860670,10,2,12
Q860734,23,0,23
Q860885,3,2,5
Q861202,34,0,34
Q861402,1,2,3
Q861490,0,7,7
Q861494,0,15,15
Q8615,5,0,5
Q861524,4,0,4
Q861548,20,9,29
Q861660,0,8,8
Q861690,0,8,8
Q861764,8,1,9
Q861823,2,0,2
Q861888,27,3,30
Q8619,27,1,28
Q862028,0,10,10
Q862039,11,2,13
Q862058,38,0,38
Q862086,34,4,38
Q862197,44,1,45
Q8623,4,2,6
Q862316,20,0,20
Q862317,48,0,48
Q862358,0,8,8
Q862359,19,1,20
Q86241109,0,7,7
Q862481,0,10,10
Q86255944,0,5,5
Q862597,0,7,7
Q862603,0,10,10
Q862733,6,5,11
Q863,37,5,42
Q863267,0,6,6
Q8633,4,0,4
Q863813,16,2,18
Q8639,4,1,5
Q863940,6,2,8
Q864024,8,1,9
Q8641,40,16,56
Q864106,5,0,5
Q864124,0,7,7
Q8643,5,1,6
Q864380,1,12,13
Q864503,4,5,9
Q8646,47,96,143
Q864693,3,1,4
Q864698,0,8,8
Q864855,24,3,27
Q865,1,23,24
Q865056,25,0,25
Q8651,14,0,14
Q8652,8,74,82
Q865479,0,5,5
Q865528,13,2,15
Q865851,2,1,3
Q8660,17,5,22
Q866012,14,2,16
Q866120,41,0,41
Q866207,5,4,9
Q8663,3,49,52
Q8671,5,0,5
Q867288,4,0,4
Q8673,11,3,14
Q867530,0,8,8
Q867541,0,1835,1835
Q8676,5,19,24
Q86768,0,16,16
Q8678,12,16,28
Q867813,29,11,40
Q867876,4,0,4
Q86791,26,1,27
Q867921,4,0,4
Q868,51,20,71
Q8680,28,15,43
Q8681,6,0,6
Q868196,6,0,6
Q8682,5,5,10
Q8683,13,23,36
Q8684,26,18,44
Q868421,23,6,29
Q8685,7,3,10
Q868579,4,1,5
Q8686,29,24,53
Q868637,9,1,10
Q868647,8,1,9
Q868660,9,3,12
Q8687,5,0,5
Q868888,0,5,5
Q868940,0,90,90
Q869,54,43,97
Q8691,7,3,10
Q869106,5,0,5
Q869161,3,1,4
Q8692,13,3,16
Q869719,35,0,35
Q87,28,4,32
Q870,3,0,3
Q8704,63,16,79
Q870490,11,0,11
Q871265,3,2,5
Q871419,0,5,5
Q8717,14,4,18
Q872,1,6,7
Q8723,8,0,8
Q872541,3,1,4
Q8728,8,1,9
Q873,66,37,103
Q8731,7,3,10
Q8733,24,8,32
Q873364,3,0,3
Q873384,11,3,14
Q873842,0,9,9
Q874,32,5,37
Q8740,5,43,48
Q8743,58,3,61
Q874342,4,0,4
Q874496,39,0,39
Q8748,6,7,13
Q8749,5,1,6
Q875120,3,0,3
Q8752,0,6,6
Q8753,48,0,48
Q875538,2,125,127
Q875556,14,0,14
Q875637,17,9,26
Q875920,5,14,19
Q876,9,0,9
Q87602492,0,6,6
Q876122,9,4,13
Q876171,3,16,19
Q87645961,0,6,6
Q876726,10,0,10
Q876864,0,5,5
Q877103,9,0,9
Q877517,0,10,10
Q877693,0,7,7
Q877781,0,5,5
Q877925,11,4,15
Q878,47,12,59
Q8780,5,2,7
Q8785,0,8,8
Q8787,4,0,4
Q878902,4,5,9
Q879146,1,12,13
Q8798,22,23,45
Q88,18,10,28
Q880233,0,9,9
Q880256,5,0,5
Q880371,0,8,8
Q880447,4,0,4
Q880515,28,0,28
Q8806,5,0,5
Q880861,0,5,5
Q880981,0,15,15
Q881,48,28,76
Q8812,4,0,4
Q8818,18,2,20
Q882,39,9,48
Q8822,17,0,17
Q8823,6,1,7
Q883179,2,4,6
Q883300,25,0,25
Q883425,3,0,3
Q8835,4,1,5
Q884,59,54,113
Q885355,4,1,5
Q88537331,0,19,19
Q885561,3,20,23
Q885833,7,21,28
Q885885,1,4,5
Q886,52,11,63
Q886403,11,0,11
Q887,19,1,20
Q887117,6,0,6
Q8873,62,2,64
Q887376,7,0,7
Q887614,11,2,13
Q8877,76,69,145
Q888156,0,5,5
Q888178,24,6,30
Q888219,38,0,38
Q888254,0,6,6
Q888311,12,20,32
Q888535,11,6,17
Q888612,5,0,5
Q889,54,25,79
Q889842,0,3,3
Q89,13,3,16
Q8908,13,93,106
Q891082,8,0,8
Q891723,0,170,170
Q891732,5,21,26
Q892,66,7,73
Q892498,5,0,5
Q8927,28,13,41
Q892735,60,1,61
Q8932,0,31,31
Q893594,11,0,11
Q893712,11,0,11
Q894591,0,11,11
Q894596,0,5,5
Q894598,0,6,6
Q894605,3,2,5
Q894841,0,6,6
Q895401,14,2,16
Q895457,10,4,14
Q895583,0,14,14
Q896965,5,0,5
Q897,2,3,5
Q897052,6,0,6
Q897828,4,0,4
Q898465,29,0,29
Q898527,14,14,28
Q898721,41,0,41
Q898840,34,1,35
Q899030,6,3,9
Q899140,3,0,3
Q899189,0,4,4
Q89929597,0,11,11
Q899341,8,3,11
Q899770,0,145,145
Q90,47,179,226
Q900,24,3,27
Q900352,0,6,6
Q900362,27,1,28
Q900369,0,5,5
Q900378,0,5,5
Q900385,0,6,6
Q900414,0,55,55
Q900494,0,6,6
Q900804,0,11,11
Q900906,0,1,1
Q901,7,17,24
Q901148,28,0,28
Q901192,3,0,3
Q901207,8,39,47
Q901213,34,0,34
Q901462,0,21,21
Q9017214,0,14,14
Q902,56,11,67
Q902080,0,9,9
Q902104,2,67,69
Q9022,15,6,21
Q9023007,0,5,5
Q902378,0,7,7
Q902421,8,0,8
Q9027,11,38,49
Q902771,5,2,7
Q902814,0,31,31
Q903336,6,1,7
Q903354,3,0,3
Q903494,6,1,7
Q9035,13,24,37
Q9036,49,2,51
Q903735,5,0,5
Q903819,30,0,30
Q903885,39,0,39
Q9043,11,10,21
Q904344,3,16,19
Q904447,0,10,10
Q904528,6,65,71
Q9047,63,6,69
Q9048317,2,5,7
Q9049,53,1,54
Q905,30,11,41
Q9051,0,7,7
Q9051804,0,5,5
Q905247,21,19,40
Q905413,0,9,9
Q9056,9,16,25
Q9058,0,11,11
Q90591461,0,12,12
Q9061,46,10,56
Q9063,0,17,17
Q906343,0,41,41
Q906455,0,10,10
Q906647,3,3,6
Q9067,20,44,64
Q9068,53,3,56
Q907311,1,1547,1548
Q907481,6,0,6
Q907640,33,0,33
Q907660,0,5,5
Q9078,0,6,6
Q908,16,1,17
Q9083,0,9,9
Q908436,6,1,7
Q908473,45,1,46
Q908556,26,0,26
Q908562,2,1,3
Q908659,3,1,4
Q908662,9,20,29
Q908668,13,4,17
Q908708,10,1,11
Q908848,5,4,9
Q908858,0,54,54
Q9089,13,89,102
Q908933,35,0,35
Q908941,10,1,11
Q909,48,4,52
Q909063,33,0,33
Q909085,0,19,19
Q9091,0,8,8
Q909146,0,5,5
Q909189,4,3,7
Q909445,27,0,27
Q909586,0,8,8
Q909662,5,2,7
Q909696,9,0,9
Q909704,0,13,13
Q909827,2,1,3
Q909916,6,0,6
Q909975,0,9,9
Q91,42,8,50
Q910178,43,0,43
Q910226,34,0,34
Q910300,0,5,5
Q910486,19,3,22
Q910625,12,3,15
Q910854,10,3,13
Q910856,7,1,8
Q910864,6,1,7
Q910900,36,0,36
Q911797,0,24,24
Q911830,4,1,5
Q912,41,9,50
Q912103,15,10,25
Q9123,53,1,54
Q912327,16,10,26
Q912437,24,0,24
Q912467,15,2,17
Q9125658,47,1,48
Q912729,31,1,32
Q9128,0,8,8
Q912881,16,0,16
Q9129,30,41,71
Q912938,17,2,19
Q912985,3,6,9
Q912994,5,5,10
Q913,0,5,5
Q913003,19,4,23
Q913209,3,0,3
Q913301,4,0,4
Q913324,30,1,31
Q913386,4,1,5
Q913389,34,0,34
Q9134,14,2,16
Q913403,0,4,4
Q913440,47,0,47
Q913462,10,5,15
Q9135,0,7,7
Q913545,46,1,47
Q913609,0,6,6
Q913775,3,0,3
Q913861,15,9,24
Q913872,16,4,20
Q913965,37,0,37
Q9142,15,21,36
Q915152,5,2,7
Q915228,15,8,23
Q915665,30,14,44
Q915845,23,0,23
Q915916,0,8,8
Q916,50,4,54
Q916287,30,1,31
Q916431,29,2,31
Q916461,0,5,5
Q916645,45,1,46
Q9168,20,25,45
Q917,40,7,47
Q9170,10,0,10
Q917008,2,3,5
Q91703,0,24,24
Q917067,6,2,8
Q917071,6,1,7
Q917076,4,1,5
Q917138,6,1,7
Q917143,5,1,6
Q917148,6,1,7
Q917163,6,1,7
Q917167,6,1,7
Q917170,3,0,3
Q917184,7,1,8
Q917235,7,1,8
Q917254,38,0,38
Q9174,0,18,18
Q9176,13,23,36
Q917608,9,0,9
Q917698,28,16,44
Q917808,3,29,32
Q918125,6,1,7
Q918195,5,3,8
Q918224,2,0,2
Q918363,41,1,42
Q918367,38,0,38
Q918404,0,7,7
Q918484,30,2,32
Q918502,20,0,20
Q918534,0,5,5
Q918558,12,11,23
Q9186,0,38,38
Q918616,0,5,5
Q918617,5,10,15
Q918710,4,0,4
Q918769,37,0,37
Q9188,7,1,8
Q919043,6,0,6
Q919062,4,2,6
Q919095,4,6,10
Q9191,0,8,8
Q919192,0,5,5
Q9192,33,34,67
Q919608,15,3,18
Q919870,0,7,7
Q9199,8,17,25
Q919992,8,9,17
Q919999,3,10,13
Q9200,0,7,7
Q9200127,0,5,5
Q920094,0,5,5
Q920167,16,1,17
Q920273,10,9,19
Q9204,53,3,56
Q920439,0,7,7
Q9205,6,6,12
Q920783,1,4,5
Q920963,18,0,18
Q920983,13,0,13
Q921,46,6,52
Q9212,23,2,25
Q921204,20,0,20
Q921267,8,2,10
Q9212979,0,10,10
Q921432,8,0,8
Q921434,0,14,14
Q9215,31,7,38
Q921518,13,8,21
Q9217,11,8,19
Q9219,9,7,16
Q921985,38,0,38
Q922116,0,13,13
Q922193,36,1,37
Q922219,0,5,5
Q922226,23,14,37
Q922229,8,8,16
Q922263,0,9,9
Q922273,25,19,44
Q922281,0,6,6
Q922299,4,11,15
Q922322,20,16,36
Q922326,13,4,17
Q922348,27,21,48
Q922357,5,5,10
Q922368,16,2,18
Q922396,106,45,151
Q922402,30,1,31
Q922480,5,2,7
Q922527,16,3,19
Q922630,28,0,28
Q922857,4,20,24
Q922952,0,7,7
Q9232,11,2,13
Q923485,0,13,13
Q9235,45,8,53
Q9237,11,14,25
Q923911,21,0,21
Q923925,61,0,61
Q924,41,9,50
Q9240,15,7,22
Q924104,0,7,7
Q924135,28,1,29
Q924232,30,1,31
Q924283,20,1,21
Q924289,8,4,12
Q92429087,0,37,37
Q924339,6,1,7
Q924567,14,1,15
Q9246,0,5,5
Q924668,17,0,17
Q9248,15,7,22
Q924996,0,11,11
Q925024,3,0,3
Q9252,0,7,7
Q9253865,0,11,11
Q925598,5,0,5
Q925604,17,6,23
Q92561,10,11,21
Q925668,0,5,5
Q925891,11,0,11
Q9259,0,9,9
Q92604658,0,17,17
Q926054,0,9,9
Q926238,24,0,24
Q9264,0,6,6
Q92640,0,6,6
Q926438,3,0,3
Q9265338,0,6,6
Q9267,0,6,6
Q926789,20,0,20
Q9268,12,153,165
Q926912,14,6,20
Q926913,5,0,5
Q927415,21,2,23
Q927607,0,7,7
Q927627,0,8,8
Q927638,0,6,6
Q927826,27,0,27
Q927916,25,4,29
Q928,62,46,108
Q928019,43,0,43
Q928022,10,13,23
Q928168,4,0,4
Q928314,2,18,20
Q928329,6,0,6
Q928456,0,7,7
Q928592,0,6,6
Q9288,11,43,54
Q9288038,10,0,10
Q928831,7,1,8
Q929,40,6,46
Q9296,0,9,9
Q929667,9,4,13
Q929833,0,6,6
Q9299,10,18,28
Q929998,18,0,18
Q9301,12,8,20
Q930112,7,0,7
Q930209,0,13,13
Q9302696,0,9,9
Q930291,13,0,13
Q9303,0,9,9
Q930354,4,1,5
Q9303627,0,10,10
Q930383,1,1,2
Q930691,0,7,7
Q9307,0,5,5
Q930746,17,0,17
Q9309,7,14,21
Q931009,0,5,5
Q931158,28,0,28
Q931181,12,13,25
Q9312,50,14,64
Q9314,0,9,9
Q93157,18,2,20
Q9316,5,5,10
Q9317,29,1,30
Q931704,3,1,4
Q931716,0,5,5
Q93184,2,0,2
Q93187,20,12,32
Q93188,22,1,23
Q93189,6,2,8
Q931909,13,0,13
Q93191,15,28,43
Q93195,0,5,5
Q93196,7,1,8
Q93204,2,37,39
Q932244,7,0,7
Q93227,31,2,33
Q932281,0,80,80
Q932284,4,0,4
Q93230,10,0,10
Q932411,10,1,11
Q9325,9,0,9
Q932508,19,0,19
Q932586,1,103,104
Q93259,19,14,33
Q932601,10,2,12
Q9326077,0,17,17
Q932650,1,32,33
Q932897,10,0,10
Q932977,5,2,7
Q932981,7,1,8
Q933084,0,5,5
Q933129,0,5,5
Q93332,38,6,44
Q9334029,1,5,6
Q93341,46,5,51
Q93346,21,23,44
Q93354,25,3,28
Q9335576,0,34,34
Q9335577,0,20,20
Q93356,42,1,43
Q933598,22,1,23
Q933904,13,0,13
Q934036,37,0,37
Q934135,10,1,11
Q93438884,0,5,5
Q93443,24,0,24
Q934444,0,14,14
Q934506,0,14,14
Q934930,0,8,8
Q934964,0,5,5
Q935,55,4,59
Q935081,0,7,7
Q935090,8,13,21
Q935105,34,1,35
Q935122,9,5,14
Q935153,0,8,8
Q935167,13,9,22
Q935283,5,29,34
Q9353,40,5,45
Q935369,52,1,53
Q935609,17,1,18
Q935632,0,7,7
Q935666,6,7,13
Q935717,0,10,10
Q9358,61,8,69
Q935843,5,100,105
Q935956,3,0,3
Q936037,36,0,36
Q936126,4,0,4
Q936302,30,0,30
Q936327,28,0,28
Q936338,0,5,5
Q9364,45,6,51
Q936425,32,0,32
Q936518,0,10,10
Q936573,3,6,9
Q936576,27,1,28
Q93662,6,0,6
Q936683,20,16,36
Q936700,0,5,5
Q936780,9,2,11
Q936942,3,4,7
Q937,88,6,94
Q93713,0,5,5
Q937162,5,1,6
Q93728,0,12,12
Q937342,18,0,18
Q937406,0,8,8
Q937629,0,7,7
Q937857,8,85,93
Q93788,21,2,23
Q937922,0,7,7
Q937935,4,0,4
Q938050,0,7,7
Q9381,39,1,40
Q938137,34,0,34
Q938235,7,1,8
Q93828,22,0,22
Q938333,0,5,5
Q9383972,0,59,59
Q938630,4,0,4
Q9387,43,0,43
Q938810,17,1,18
Q938858,37,0,37
Q939079,14,1,15
Q939084,42,1,43
Q9391,31,2,33
Q93911,0,5,5
Q93923,0,7,7
Q939424,45,0,45
Q93957,22,5,27
Q93982,0,5,5
Q939842,15,1,16
Q94,17,1,18
Q94002,25,3,28
Q940139,46,0,46
Q9402,3,7,10
Q940271,11,0,11
Q94041,31,6,37
Q940418,0,5,5
Q94050,5,4,9
Q940536,20,3,23
Q94056,0,18,18
Q9408,4,2,6
Q94081,47,5,52
Q940958,0,6,6
Q940971,0,5,5
Q9410,2,0,2
Q941023,7,298,305
Q94123,47,14,61
Q94145,0,7,7
Q941524,7,0,7
Q941594,1,90,91
Q941662,9,0,9
Q941712,0,9,9
Q9418,9,22,31
Q941944,32,0,32
Q9426,3,5,8
Q942914,0,13,13
Q942932,18,8,26
Q943,10,8,18
Q943003,17,0,17
Q943028,12,10,22
Q943047,17,0,17
Q943106,0,17,17
Q943386,12,0,12
Q94345,4,5,9
Q943506,0,13,13
Q943532,0,8,8
Q943589,11,11,22
Q943613,0,5,5
Q9438,37,5,42
Q9439,48,15,63
Q943995,5,3,8
Q944044,12,1,13
Q9441,21,3,24
Q944269,5,0,5
Q944291,28,0,28
Q944352,8,1,9
Q944465,0,6,6
Q944480,0,10,10
Q944546,15,3,18
Q944638,12,0,12
Q944952,0,5,5
Q94496874,1,4,5
Q945,39,6,45
Q945030,8,0,8
Q945074,26,0,26
Q945138,37,1,38
Q945402,13,0,13
Q945551,8,14,22
Q945574,0,5,5
Q945586,29,1,30
Q945591,16,0,16
Q94579592,0,7,7
Q9458,26,1,27
Q945887,36,50,86
Q946040,3,0,3
Q946124,8,2,10
Q9465,14,13,27
Q946859,16,3,19
Q947090,5,19,24
Q947098,23,0,23
Q9471,1,15,16
Q947109,4,6,10
Q947115,6,2,8
Q947748,0,5,5
Q94783,3,3,6
Q947873,5,139,144
Q948,66,13,79
Q948122,24,9,33
Q948329,4,203,207
Q948635,28,0,28
Q948751,0,18,18
Q94882,39,0,39
Q948916,5,0,5
Q94912,9,0,9
Q949161,0,5,5
Q94919,8,3,11
Q94928,12,4,16
Q94933,9,6,15
Q949330,0,7,7
Q94937,7,1,8
Q949387,0,5,5
Q949568,3,0,3
Q949779,5,2,7
Q94992,25,8,33
Q949926,0,11,11
Q94993988,0,7,7
Q95,16,2,18
Q95002,17,11,28
Q95008,30,6,36
Q950104,0,5,5
Q95026,40,15,55
Q9503,1,1,2
Q95030,51,28,79
Q950309,8,2,10
Q950380,13,19,32
Q950428,13,9,22
Q95043,23,11,34
Q95048,27,19,46
Q95055,24,3,27
Q950604,0,6,6
Q95068,33,7,40
Q95072,7,0,7
Q95089,25,4,29
Q950900,1,0,1
Q951018,0,7,7
Q95111,14,0,14
Q95119,14,1,15
Q95125,30,22,52
Q951305,14,3,17
Q95143,21,5,26
Q95148,18,5,23
Q951634,12,6,18
Q951774,2,5,7
Q951946,6,0,6
Q952097,7,2,9
Q952156,12,0,12
Q952419,8,1,9
Q952428,18,4,22
Q952914,0,6,6
Q953,48,8,56
Q953040,13,53,66
Q9531,20,39,59
Q953257,0,6,6
Q9535,26,11,37
Q953696,0,4,4
Q953746,5,9,14
Q954,51,9,60
Q95415779,0,52,52
Q954184,22,0,22
Q954231,20,2,22
Q9543,17,1,18
Q954319,9,2,11
Q954359,0,9,9
Q954380,0,5,5
Q9544977,0,12,12
Q9545,35,4,39
Q954549,0,8,8
Q9545711,0,12,12
Q954950,14,3,17
Q954997,26,1,27
Q955019,0,7,7
Q9554,0,6,6
Q9557,18,8,26
Q955764,17,1,18
Q955872,3,2,5
Q956,30,20,50
Q956021,0,6,6
Q956056,9,1,10
Q956501,7,5,12
Q956681,28,0,28
Q95678620,0,8,8
Q956822,13,4,17
Q956867,13,7,20
Q956870,12,0,12
Q956883,4,1,5
Q9570,25,6,31
Q957323,28,1,29
Q957347,14,4,18
Q957711,14,3,17
Q957926,0,6,6
Q958,30,8,38
Q9582,47,8,55
Q958227,0,5,5
Q958257,34,0,34
Q958291,0,5,5
Q958369,4,0,4
Q958385,15,2,17
Q958417,42,0,42
Q9585,10,2,12
Q958630,13,3,16
Q958652,11,0,11
Q958791,0,7,7
Q9588,31,9,40
Q9589,0,41,41
Q959051,47,0,47
Q959153,0,6,6
Q9592,12,94,106
Q959341,107,0,107
Q959664,1,1,2
Q959672,6,0,6
Q959738,0,5,5
Q959790,0,234,234
Q9598,10,6,16
Q959860,6,1,7
Q959863,18,2,20
Q96,88,134,222
Q960125,25,0,25
Q96034777,0,5,5
Q960721,0,7,7
Q960993,0,7,7
Q9610,14,29,43
Q961183,0,5,5
Q961297,0,8,8
Q9615,3,1,4
Q9616,6,7,13
Q9617,7,2,9
Q961851,26,0,26
Q961893,28,3,31
Q962,44,6,50
Q962011,8,0,8
Q962103,42,1,43
Q962161,13,0,13
Q962236,0,8,8
Q9623,4,1,5
Q96233293,0,6,6
Q962363,32,0,32
Q9624,5,1,6
Q962499,7,4,11
Q962579,0,7,7
Q9626,5,7,12
Q962681,0,5,5
Q96280219,0,5,5
Q962944,7,5,12
Q962987,19,0,19
Q963,37,6,43
Q9630,9,17,26
Q963068,0,6,6
Q963138,4,3,7
Q963227,0,17,17
Q96336837,0,6,6
Q963385,1,8,9
Q9634,4,1,5
Q9636,4,2,6
Q963626,22,3,25
Q963628,13,11,24
Q96377054,0,14,14
Q9640,30,7,37
Q9642,6,1,7
Q9646,4,4,8
Q964658,1,4,5
Q96474589,0,11,11
Q96474603,0,13,13
Q96474676,0,20,20
Q96474679,0,12,12
Q96474687,0,10,10
Q96474688,0,8,8
Q96474691,0,15,15
Q96474699,0,5,5
Q96474700,0,8,8
Q9648,19,2,21
Q9648008,1,37,38
Q964815,12,0,12
Q964909,17,0,17
Q965,43,3,46
Q9651,5,2,7
Q9652,4,1,5
Q965261,9,1,10
Q9653,4,7,11
Q965379,18,4,22
Q965635,5,1,6
Q965659,15,8,23
Q9657,4,2,6
Q9658,5,2,7
Q965859,23,0,23
Q96586004,0,8,8
Q96586469,0,5,5
Q96586836,0,10,10
Q96587125,0,8,8
Q9660,4,1,5
Q966018,20,1,21
Q966068,4,12,16
Q966151,0,8,8
Q9663,4,1,5
Q966379,8,0,8
Q9664,4,3,7
Q966540,0,8,8
Q966564,3,25,28
Q966576,0,6,6
Q966773,1,5,6
Q9668,7,2,9
Q967,38,2,40
Q967018,34,0,34
Q967126,0,8,8
Q967130,10,19,29
Q967165,20,2,22
Q9672,4,4,8
Q967230,23,1,24
Q9674,5,3,8
Q967478,31,0,31
Q967495,8,0,8
Q9676,16,5,21
Q967683,33,0,33
Q967764,0,6,6
Q967797,0,7,7
Q9678710,0,7,7
Q9679,16,0,16
Q9680541,0,5,5
Q968159,0,5,5
Q9682,47,16,63
Q968292,18,0,18
Q9684,13,1,14
Q9684829,0,5,5
Q968559,14,0,14
Q9687,0,8,8
Q968730,4,3,7
Q968840,0,6,6
Q9690,4,12,16
Q969203,2,1,3
Q969270,12,0,12
Q9696,49,14,63
Q969663,0,7,7
Q969766,0,9,9
Q969850,19,2,21
Q97,13,12,25
Q970,44,3,47
Q970089,30,0,30
Q970153,2,23,25
Q970208,3,5,8
Q970537,0,2,2
Q970867,0,6,6
Q971,38,4,42
Q971008,23,18,41
Q9711,0,6,6
Q971363,5,5,10
Q971446,5,30,35
Q971630,28,0,28
Q971721,0,7,7
Q971941,18,1,19
Q972,11,2,13
Q972424,2,2,4
Q9726,30,0,30
Q972634,2,0,2
Q972741,4,1,5
Q9730,5,76,81
Q973065,0,6,6
Q973077,0,6,6
Q973150,1,2,3
Q9734,8,22,30
Q973587,4,0,4
Q973884,6,1,7
Q974,0,14,14
Q974135,2,0,2
Q974385,10,0,10
Q974615,0,8,8
Q974693,9,25,34
Q974800,0,5,5
Q975,20,15,35
Q97511,11,3,14
Q975161,0,7,7
Q975310,0,6,6
Q975418,0,10,10
Q975609,26,0,26
Q9759,5,91,96
Q97597352,0,10,10
Q97597386,0,5,5
Q976149,33,0,33
Q976176,14,9,23
Q976396,7,3,10
Q976544,5,13,18
Q976609,0,9,9
Q97672598,1,12,13
Q976829,12,8,20
Q976882,6,0,6
Q977,37,5,42
Q977086,0,8,8
Q977196,36,0,36
Q977372,54,1,55
Q977397,0,9,9
Q977471,13,0,13
Q977529,1,3,4
Q977704,0,7,7
Q9778,0,38,38
Q977915,4,79,83
Q978044,1,5,6
Q978184,0,6,6
Q978222,0,5,5
Q97829060,0,7,7
Q97830117,0,6,6
Q978315,0,10,10
Q978367,0,8,8
Q978420,4,3,7
Q978706,0,7,7
Q978857,0,6,6
Q978974,38,0,38
Q979196,37,0,37
Q979221,14,6,20
Q979312,15,3,18
Q9794,3,25,28
Q979428,0,5,5
Q979511,11,0,11
Q979726,34,0,34
Q979778,13,4,17
Q9798,11,42,53
Q979990,19,2,21
Q98,10,10,20
Q980,38,8,46
Q980041,40,0,40
Q980090,0,13,13
Q980143,0,5,5
Q980308,32,0,32
Q980671,1,6,7
Q981030,3,7,10
Q981195,9,26,35
Q981809,11,3,14
Q981821,13,5,18
Q981970,8,1,9
Q981976,12,0,12
Q982177,19,1,20
Q9826,0,7,7
Q982710,0,11,11
Q982795,0,5,5
Q982840,0,5,5
Q983,40,6,46
Q983043,11,1,12
Q983082,23,3,26
Q9832,12,5,17
Q983229,0,9,9
Q983238,11,2,13
Q983571,9,1,10
Q983698,6,2,8
Q983861,6,2,8
Q983927,7,0,7
Q983974,5,0,5
Q984047,0,6,6
Q984077,0,13,13
Q984115,20,0,20
Q9842,0,5,5
Q984264,5,4,9
Q984361,5,0,5
Q984374,13,2,15
Q984377,8,1,9
Q984544,5,1,6
Q984613,9,2,11
Q985,0,15,15
Q98526239,0,17,17
Q98526245,0,17,17
Q985351,8,1,9
Q985409,9,0,9
Q985460,5,1,6
Q985592,6,2,8
Q986,36,4,40
Q986200,5,3,8
Q986210,5,4,9
Q986376,4,0,4
Q986432,7,3,10
Q986529,3,1,4
Q987,12,15,27
Q987085,3,1,4
Q987305,15,0,15
Q987584,8,0,8
Q987744,0,6,6
Q988112,5,1,6
Q988159,3,1,4
Q9885,13,1,14
Q988515,10,3,13
Q988568,5,0,5
Q988739,5,0,5
Q988923,4,1,5
Q98897593,0,6,6
Q989418,8,1,9
Q989438,0,33,33
Q989439,0,49,49
Q989442,0,36,36
Q989445,0,35,35
Q989447,0,54,54
Q989449,0,41,41
Q989450,0,35,35
Q989453,52,72,124
Q989616,7,1,8
Q99,80,341,421
Q99034482,0,9,9
Q990504,8,5,13
Q990545,4,1,5
Q990840,25,0,25
Q991,45,13,58
Q991310,4,1,5
Q991387,6,7,13
Q991563,26,1,27
Q9916,1,11,12
Q9920,18,4,22
Q992604,0,5,5
Q992830,10,1,11
Q992846,0,7,7
Q993164,9,2,11
Q993267,0,34,34
Q9934,7,4,11
Q994,16,3,19
Q99413897,0,179,179
Q994144,7,0,7
Q994175,0,6,6
Q994701,6,1,7
Q994811,4,1,5
Q995231,7,5,12
Q995265,18,3,21
Q995267,4,3,7
Q9960,54,6,60
Q996079,4,0,4
Q996954,2,0,2
Q99700,0,8,8
Q997481,3,4,7
Q999123,6,3,9
Q999332,25,10,35
Q99982378,0,8,8
